counts:[1, 2, 3, 4, 5, 6, 7, 8, 9, 10, 11, 12, 13, 14, 15, 16, 17, 18, 19]
 energies:[-0.8057773079292879, -0.5256693464301735, -0.9557449368554919, -0.8346221478023855, -0.9285280009843263, -0.939713236036149, -0.953444949033828, -0.9519543557446778, -0.9521944078696111, -0.9562434573509221, -0.950918666496298, -0.9530111939675466, -0.9541972962598041, -0.9547076752889311, -0.952476618401867, -0.9529787557858006, -0.9539547159520897, -0.9543059549796563, -0.9539444086920025]
 std_values:[0.001794411524018707, 0.001275447534041453, 0.001268896718813531, 0.0011777928012040347, 0.0010167178675227055, 0.0014808055625356597, 0.001182380838236225, 0.0013276552549395082, 0.0012766534846189777, 0.0012833902352397109, 0.0013207321348738489, 0.0013048946044750395, 0.0012856283770129129, 0.0012875821020668918, 0.0012947002732724045, 0.0012976558007848627, 0.001293608944315979, 0.0012948644161265416, 0.0012997627417138532]
 ci_ground energy:-0.95433885394012