counts:[1, 2, 3, 4, 5, 6, 7, 8, 9, 10, 11, 12, 13, 14, 15, 16, 17, 18, 19, 20, 21, 22, 23]
 energies:[-0.5938277591847834, 0.2849644368822659, 0.014316201414626306, -0.47294280865453, -0.503762748231255, -0.6012590694137667, -0.5833370249785761, -0.6007146175037141, -0.5991512602193974, -0.60171809698949, -0.6017803581850856, -0.6014458378003755, -0.6016626928562354, -0.601801992221106, -0.6017988266052428, -0.6018035093755107, -0.6017988266052428, -0.6018019429803976, -0.6018037113300252, -0.6018035257890848, -0.6018036669964861, -0.601803701522907, -0.601803704884406]
 std_values:[0.0, 0.0, 0.0, 0.0, 0.0, 0.0, 0.0, 0.0, 0.0, 0.0, 0.0, 0.0, 0.0, 0.0, 0.0, 0.0, 0.0, 0.0, 0.0, 0.0, 0.0, 0.0, 0.0]
 ci_ground energy:-0.6018037114169312