-1.902128287129468731e+01 8.326456325269822323e-02 4.980188754850545241e-02 4.980188754850538996e-02 7.704806896467561450e-02 -7.230075149200608509e-02 -7.230075149200605733e-02 -6.113839329897225588e-02 -6.113839329897235997e-02 8.178922279518339999e-02 5.654698698044686306e-02 6.702555177540148179e-12 6.702555177540148179e-12 0.000000000000000000e+00 0.000000000000000000e+00 0.000000000000000000e+00 0.000000000000000000e+00 0.000000000000000000e+00 1.116235819303382920e-02 1.116235819303382920e-02 0.000000000000000000e+00 0.000000000000000000e+00 0.000000000000000000e+00 0.000000000000000000e+00 0.000000000000000000e+00 0.000000000000000000e+00 5.006217662639755872e-12 5.006217662639755872e-12 1.536049667340788627e-02 1.536049667340788974e-02 1.536049667340790188e-02 1.536049667340790709e-02
8.326456325269822323e-02 -1.783762380861649888e+01 0.000000000000000000e+00 0.000000000000000000e+00 1.650257544005979682e-01 1.431696350739830870e-01 1.431696350739830037e-01 8.203124177501081027e-02 8.203124177501081027e-02 1.413261309726946413e-01 0.000000000000000000e+00 -9.529908464965083925e-02 -9.529908464965089476e-02 5.654698698044686306e-02 4.751386888076359477e-02 4.751386888076361559e-02 4.751386888076365722e-02 4.751386888076366416e-02 -6.113839329897226976e-02 -6.113839329897234609e-02 4.980188754850538996e-02 4.980188754850545241e-02 0.000000000000000000e+00 0.000000000000000000e+00 0.000000000000000000e+00 0.000000000000000000e+00 -9.611699397139047973e-02 -9.611699397139038259e-02 0.000000000000000000e+00 0.000000000000000000e+00 0.000000000000000000e+00 0.000000000000000000e+00
4.980188754850545241e-02 0.000000000000000000e+00 -1.820782540442198183e+01 2.424937922117108638e-02 5.101672209374780859e-02 0.000000000000000000e+00 0.000000000000000000e+00 0.000000000000000000e+00 0.000000000000000000e+00 0.000000000000000000e+00 1.645809244754672940e-02 -4.751386888076366416e-02 -4.751386888076365722e-02 0.000000000000000000e+00 0.000000000000000000e+00 0.000000000000000000e+00 9.529908464965085313e-02 9.529908464965089476e-02 0.000000000000000000e+00 0.000000000000000000e+00 0.000000000000000000e+00 8.326456325269822323e-02 0.000000000000000000e+00 0.000000000000000000e+00 -7.007014681641804410e-02 -7.007014681641804410e-02 0.000000000000000000e+00 0.000000000000000000e+00 0.000000000000000000e+00 0.000000000000000000e+00 2.480293459317362004e-02 2.480293459317362004e-02
4.980188754850538996e-02 0.000000000000000000e+00 2.424937922117108638e-02 -1.820782540442198538e+01 5.101672209374773920e-02 0.000000000000000000e+00 0.000000000000000000e+00 0.000000000000000000e+00 0.000000000000000000e+00 0.000000000000000000e+00 1.645809244754670858e-02 -4.751386888076360865e-02 -4.751386888076360171e-02 0.000000000000000000e+00 9.529908464965085313e-02 9.529908464965089476e-02 0.000000000000000000e+00 0.000000000000000000e+00 0.000000000000000000e+00 0.000000000000000000e+00 8.326456325269822323e-02 0.000000000000000000e+00 -7.007014681641793308e-02 -7.007014681641787757e-02 0.000000000000000000e+00 0.000000000000000000e+00 0.000000000000000000e+00 0.000000000000000000e+00 2.480293459317356453e-02 2.480293459317356453e-02 0.000000000000000000e+00 0.000000000000000000e+00
7.704806896467561450e-02 1.650257544005979682e-01 5.101672209374780859e-02 5.101672209374773920e-02 -1.777231905322972239e+01 7.086888358197708515e-02 7.086888358197708515e-02 1.431696350739831702e-01 1.431696350739829482e-01 0.000000000000000000e+00 1.413261309726946413e-01 9.984071603119037963e-03 9.984071603119037963e-03 8.178922279518339999e-02 0.000000000000000000e+00 0.000000000000000000e+00 0.000000000000000000e+00 0.000000000000000000e+00 7.230075149200608509e-02 7.230075149200598794e-02 1.496894044419242766e-02 1.496894044419244674e-02 0.000000000000000000e+00 0.000000000000000000e+00 0.000000000000000000e+00 0.000000000000000000e+00 0.000000000000000000e+00 0.000000000000000000e+00 0.000000000000000000e+00 0.000000000000000000e+00 0.000000000000000000e+00 0.000000000000000000e+00
-7.230075149200608509e-02 1.431696350739830870e-01 0.000000000000000000e+00 0.000000000000000000e+00 7.086888358197708515e-02 -1.734973618946472840e+01 0.000000000000000000e+00 1.650257544005979404e-01 1.413261309726948356e-01 7.086888358197708515e-02 1.431696350739830037e-01 0.000000000000000000e+00 -2.058671898685865420e-02 -7.230075149200605733e-02 0.000000000000000000e+00 1.382080224860339490e-02 0.000000000000000000e+00 1.382080224860341398e-02 -7.704806896467567001e-02 -8.178922279518335836e-02 0.000000000000000000e+00 0.000000000000000000e+00 4.751386888076359477e-02 0.000000000000000000e+00 4.751386888076365722e-02 0.000000000000000000e+00 -9.470135455474926189e-03 0.000000000000000000e+00 0.000000000000000000e+00 0.000000000000000000e+00 0.000000000000000000e+00 0.000000000000000000e+00
-7.230075149200605733e-02 1.431696350739830037e-01 0.000000000000000000e+00 0.000000000000000000e+00 7.086888358197708515e-02 0.000000000000000000e+00 -1.734973618946472840e+01 1.413261309726943638e-01 1.650257544005979404e-01 7.086888358197708515e-02 1.431696350739830870e-01 -2.058671898685865420e-02 0.000000000000000000e+00 -7.230075149200608509e-02 1.382080224860339490e-02 0.000000000000000000e+00 1.382080224860341051e-02 0.000000000000000000e+00 -8.178922279518339999e-02 -7.704806896467568389e-02 0.000000000000000000e+00 0.000000000000000000e+00 0.000000000000000000e+00 4.751386888076361559e-02 0.000000000000000000e+00 4.751386888076366416e-02 0.000000000000000000e+00 -9.470135455474926189e-03 0.000000000000000000e+00 0.000000000000000000e+00 0.000000000000000000e+00 0.000000000000000000e+00
-6.113839329897225588e-02 8.203124177501081027e-02 0.000000000000000000e+00 0.000000000000000000e+00 1.431696350739831702e-01 1.650257544005979404e-01 1.413261309726943638e-01 -1.736876193099144317e+01 0.000000000000000000e+00 1.431696350739829482e-01 8.203124177501081027e-02 -9.611699397139043810e-02 4.512575516218568505e-02 -6.113839329897235997e-02 0.000000000000000000e+00 0.000000000000000000e+00 0.000000000000000000e+00 0.000000000000000000e+00 8.326456325269820935e-02 5.654698698044685612e-02 0.000000000000000000e+00 0.000000000000000000e+00 0.000000000000000000e+00 0.000000000000000000e+00 0.000000000000000000e+00 0.000000000000000000e+00 -9.529908464965088088e-02 5.697042973576180169e-02 0.000000000000000000e+00 0.000000000000000000e+00 0.000000000000000000e+00 0.000000000000000000e+00
-6.113839329897235997e-02 8.203124177501081027e-02 0.000000000000000000e+00 0.000000000000000000e+00 1.431696350739829482e-01 1.413261309726948356e-01 1.650257544005979404e-01 0.000000000000000000e+00 -1.736876193099143961e+01 1.431696350739831702e-01 8.203124177501081027e-02 4.512575516218565036e-02 -9.611699397139053525e-02 -6.113839329897225588e-02 0.000000000000000000e+00 0.000000000000000000e+00 0.000000000000000000e+00 0.000000000000000000e+00 5.654698698044682836e-02 8.326456325269822323e-02 0.000000000000000000e+00 0.000000000000000000e+00 0.000000000000000000e+00 0.000000000000000000e+00 0.000000000000000000e+00 0.000000000000000000e+00 5.697042973576184333e-02 -9.529908464965085313e-02 0.000000000000000000e+00 0.000000000000000000e+00 0.000000000000000000e+00 0.000000000000000000e+00
8.178922279518339999e-02 1.413261309726946413e-01 0.000000000000000000e+00 0.000000000000000000e+00 0.000000000000000000e+00 7.086888358197708515e-02 7.086888358197708515e-02 1.431696350739829482e-01 1.431696350739831702e-01 -1.690444379306632072e+01 1.650257544005979682e-01 0.000000000000000000e+00 0.000000000000000000e+00 7.704806896467561450e-02 0.000000000000000000e+00 0.000000000000000000e+00 0.000000000000000000e+00 0.000000000000000000e+00 7.230075149200609896e-02 7.230075149200607121e-02 0.000000000000000000e+00 0.000000000000000000e+00 0.000000000000000000e+00 0.000000000000000000e+00 0.000000000000000000e+00 0.000000000000000000e+00 8.419417795133610216e-03 8.419417795133665727e-03 0.000000000000000000e+00 0.000000000000000000e+00 0.000000000000000000e+00 0.000000000000000000e+00
5.654698698044686306e-02 0.000000000000000000e+00 1.645809244754672940e-02 1.645809244754670858e-02 1.413261309726946413e-01 1.431696350739830037e-01 1.431696350739830870e-01 8.203124177501081027e-02 8.203124177501081027e-02 1.650257544005979682e-01 -1.684509907101338655e+01 5.697042973576184333e-02 5.697042973576171149e-02 8.326456325269822323e-02 0.000000000000000000e+00 0.000000000000000000e+00 0.000000000000000000e+00 0.000000000000000000e+00 -6.113839329897235997e-02 -6.113839329897227670e-02 0.000000000000000000e+00 0.000000000000000000e+00 1.382080224860339490e-02 1.382080224860339490e-02 1.382080224860341051e-02 1.382080224860341398e-02 4.512575516218570587e-02 4.512575516218568505e-02 0.000000000000000000e+00 0.000000000000000000e+00 0.000000000000000000e+00 0.000000000000000000e+00
6.702555177540148179e-12 -9.529908464965083925e-02 -4.751386888076366416e-02 -4.751386888076360865e-02 9.984071603119037963e-03 0.000000000000000000e+00 -2.058671898685865420e-02 -9.611699397139043810e-02 4.512575516218565036e-02 0.000000000000000000e+00 5.697042973576184333e-02 -1.840509033268536143e+01 7.704806896467568389e-02 0.000000000000000000e+00 1.496894044419242766e-02 0.000000000000000000e+00 1.496894044419244674e-02 0.000000000000000000e+00 -3.040451982234598782e-02 0.000000000000000000e+00 0.000000000000000000e+00 0.000000000000000000e+00 0.000000000000000000e+00 0.000000000000000000e+00 0.000000000000000000e+00 0.000000000000000000e+00 7.086888358197708515e-02 -7.230075149200598794e-02 0.000000000000000000e+00 -1.633204257272937929e-02 0.000000000000000000e+00 -1.633204257272940010e-02
6.702555177540148179e-12 -9.529908464965089476e-02 -4.751386888076365722e-02 -4.751386888076360171e-02 9.984071603119037963e-03 -2.058671898685865420e-02 0.000000000000000000e+00 4.512575516218568505e-02 -9.611699397139053525e-02 0.000000000000000000e+00 5.697042973576171149e-02 7.704806896467568389e-02 -1.840509033268535788e+01 0.000000000000000000e+00 0.000000000000000000e+00 1.496894044419242766e-02 0.000000000000000000e+00 1.496894044419244674e-02 0.000000000000000000e+00 -3.040451982234604333e-02 0.000000000000000000e+00 0.000000000000000000e+00 0.000000000000000000e+00 0.000000000000000000e+00 0.000000000000000000e+00 0.000000000000000000e+00 -7.230075149200608509e-02 7.086888358197708515e-02 -1.633204257272936541e-02 0.000000000000000000e+00 -1.633204257272938970e-02 0.000000000000000000e+00
0.000000000000000000e+00 5.654698698044686306e-02 0.000000000000000000e+00 0.000000000000000000e+00 8.178922279518339999e-02 -7.230075149200605733e-02 -7.230075149200608509e-02 -6.113839329897235997e-02 -6.113839329897225588e-02 7.704806896467561450e-02 8.326456325269822323e-02 0.000000000000000000e+00 0.000000000000000000e+00 -1.594097650186043502e+01 0.000000000000000000e+00 0.000000000000000000e+00 0.000000000000000000e+00 0.000000000000000000e+00 1.116235819303372512e-02 1.116235819303372512e-02 1.645809244754672246e-02 1.645809244754672940e-02 0.000000000000000000e+00 0.000000000000000000e+00 0.000000000000000000e+00 0.000000000000000000e+00 0.000000000000000000e+00 0.000000000000000000e+00 0.000000000000000000e+00 0.000000000000000000e+00 0.000000000000000000e+00 0.000000000000000000e+00
0.000000000000000000e+00 4.751386888076359477e-02 0.000000000000000000e+00 9.529908464965085313e-02 0.000000000000000000e+00 0.000000000000000000e+00 1.382080224860339490e-02 0.000000000000000000e+00 0.000000000000000000e+00 0.000000000000000000e+00 0.000000000000000000e+00 1.496894044419242766e-02 0.000000000000000000e+00 0.000000000000000000e+00 -1.772492885593266365e+01 7.704806896467568389e-02 2.424937922117109679e-02 0.000000000000000000e+00 -1.382080224860339490e-02 0.000000000000000000e+00 -4.512366893541963631e-02 0.000000000000000000e+00 1.431696350739830870e-01 6.113839329897234609e-02 0.000000000000000000e+00 0.000000000000000000e+00 0.000000000000000000e+00 0.000000000000000000e+00 0.000000000000000000e+00 3.040241603330832727e-03 0.000000000000000000e+00 0.000000000000000000e+00
0.000000000000000000e+00 4.751386888076361559e-02 0.000000000000000000e+00 9.529908464965089476e-02 0.000000000000000000e+00 1.382080224860339490e-02 0.000000000000000000e+00 0.000000000000000000e+00 0.000000000000000000e+00 0.000000000000000000e+00 0.000000000000000000e+00 0.000000000000000000e+00 1.496894044419242766e-02 0.000000000000000000e+00 7.704806896467568389e-02 -1.772492885593266010e+01 0.000000000000000000e+00 2.424937922117109679e-02 0.000000000000000000e+00 -1.382080224860339143e-02 -4.512366893541958079e-02 0.000000000000000000e+00 6.113839329897226976e-02 1.431696350739830037e-01 0.000000000000000000e+00 0.000000000000000000e+00 0.000000000000000000e+00 0.000000000000000000e+00 3.040241603330843135e-03 0.000000000000000000e+00 0.000000000000000000e+00 0.000000000000000000e+00
0.000000000000000000e+00 4.751386888076365722e-02 9.529908464965085313e-02 0.000000000000000000e+00 0.000000000000000000e+00 0.000000000000000000e+00 1.382080224860341051e-02 0.000000000000000000e+00 0.000000000000000000e+00 0.000000000000000000e+00 0.000000000000000000e+00 1.496894044419244674e-02 0.000000000000000000e+00 0.000000000000000000e+00 2.424937922117109679e-02 0.000000000000000000e+00 -1.772492885593266010e+01 7.704806896467568389e-02 -1.382080224860341225e-02 0.000000000000000000e+00 0.000000000000000000e+00 -4.512366893541969182e-02 0.000000000000000000e+00 0.000000000000000000e+00 1.431696350739830870e-01 6.113839329897234609e-02 0.000000000000000000e+00 0.000000000000000000e+00 0.000000000000000000e+00 0.000000000000000000e+00 0.000000000000000000e+00 3.040241603330832727e-03
0.000000000000000000e+00 4.751386888076366416e-02 9.529908464965089476e-02 0.000000000000000000e+00 0.000000000000000000e+00 1.382080224860341398e-02 0.000000000000000000e+00 0.000000000000000000e+00 0.000000000000000000e+00 0.000000000000000000e+00 0.000000000000000000e+00 0.000000000000000000e+00 1.496894044419244674e-02 0.000000000000000000e+00 0.000000000000000000e+00 2.424937922117109679e-02 7.704806896467568389e-02 -1.772492885593266365e+01 0.000000000000000000e+00 -1.382080224860340704e-02 0.000000000000000000e+00 -4.512366893541963631e-02 0.000000000000000000e+00 0.000000000000000000e+00 6.113839329897226976e-02 1.431696350739830037e-01 0.000000000000000000e+00 0.000000000000000000e+00 0.000000000000000000e+00 0.000000000000000000e+00 3.040241603330843135e-03 0.000000000000000000e+00
1.116235819303382920e-02 -6.113839329897226976e-02 0.000000000000000000e+00 0.000000000000000000e+00 7.230075149200608509e-02 -7.704806896467567001e-02 -8.178922279518339999e-02 8.326456325269820935e-02 5.654698698044682836e-02 7.230075149200609896e-02 -6.113839329897235997e-02 -3.040451982234598782e-02 0.000000000000000000e+00 1.116235819303372512e-02 -1.382080224860339490e-02 0.000000000000000000e+00 -1.382080224860341225e-02 0.000000000000000000e+00 -1.751627652460488349e+01 0.000000000000000000e+00 0.000000000000000000e+00 0.000000000000000000e+00 -4.751386888076361559e-02 0.000000000000000000e+00 -4.751386888076366416e-02 0.000000000000000000e+00 -2.885851945841411137e-02 0.000000000000000000e+00 0.000000000000000000e+00 0.000000000000000000e+00 0.000000000000000000e+00 0.000000000000000000e+00
1.116235819303382920e-02 -6.113839329897234609e-02 0.000000000000000000e+00 0.000000000000000000e+00 7.230075149200598794e-02 -8.178922279518335836e-02 -7.704806896467568389e-02 5.654698698044685612e-02 8.326456325269822323e-02 7.230075149200607121e-02 -6.113839329897227670e-02 0.000000000000000000e+00 -3.040451982234604333e-02 1.116235819303372512e-02 0.000000000000000000e+00 -1.382080224860339143e-02 0.000000000000000000e+00 -1.382080224860340704e-02 0.000000000000000000e+00 -1.751627652460487283e+01 0.000000000000000000e+00 0.000000000000000000e+00 0.000000000000000000e+00 -4.751386888076359477e-02 0.000000000000000000e+00 -4.751386888076365722e-02 0.000000000000000000e+00 -2.885851945841411137e-02 0.000000000000000000e+00 0.000000000000000000e+00 0.000000000000000000e+00 0.000000000000000000e+00
0.000000000000000000e+00 4.980188754850538996e-02 0.000000000000000000e+00 8.326456325269822323e-02 1.496894044419242766e-02 0.000000000000000000e+00 0.000000000000000000e+00 0.000000000000000000e+00 0.000000000000000000e+00 0.000000000000000000e+00 0.000000000000000000e+00 0.000000000000000000e+00 0.000000000000000000e+00 1.645809244754672246e-02 -4.512366893541963631e-02 -4.512366893541958079e-02 0.000000000000000000e+00 0.000000000000000000e+00 0.000000000000000000e+00 0.000000000000000000e+00 -1.717047492812882936e+01 2.424937922117109679e-02 9.611699397139047973e-02 9.611699397139038259e-02 0.000000000000000000e+00 0.000000000000000000e+00 0.000000000000000000e+00 0.000000000000000000e+00 0.000000000000000000e+00 0.000000000000000000e+00 0.000000000000000000e+00 0.000000000000000000e+00
0.000000000000000000e+00 4.980188754850545241e-02 8.326456325269822323e-02 0.000000000000000000e+00 1.496894044419244674e-02 0.000000000000000000e+00 0.000000000000000000e+00 0.000000000000000000e+00 0.000000000000000000e+00 0.000000000000000000e+00 0.000000000000000000e+00 0.000000000000000000e+00 0.000000000000000000e+00 1.645809244754672940e-02 0.000000000000000000e+00 0.000000000000000000e+00 -4.512366893541969182e-02 -4.512366893541963631e-02 0.000000000000000000e+00 0.000000000000000000e+00 2.424937922117109679e-02 -1.717047492812883291e+01 0.000000000000000000e+00 0.000000000000000000e+00 9.611699397139047973e-02 9.611699397139038259e-02 0.000000000000000000e+00 0.000000000000000000e+00 0.000000000000000000e+00 0.000000000000000000e+00 0.000000000000000000e+00 0.000000000000000000e+00
0.000000000000000000e+00 0.000000000000000000e+00 0.000000000000000000e+00 -7.007014681641793308e-02 0.000000000000000000e+00 4.751386888076359477e-02 0.000000000000000000e+00 0.000000000000000000e+00 0.000000000000000000e+00 0.000000000000000000e+00 1.382080224860339490e-02 0.000000000000000000e+00 0.000000000000000000e+00 0.000000000000000000e+00 1.431696350739830870e-01 6.113839329897226976e-02 0.000000000000000000e+00 0.000000000000000000e+00 -4.751386888076361559e-02 0.000000000000000000e+00 9.611699397139047973e-02 0.000000000000000000e+00 -1.724079116145442470e+01 8.178922279518335836e-02 2.424937922117109679e-02 0.000000000000000000e+00 -4.980188754850538302e-02 0.000000000000000000e+00 -8.574627726803490252e-03 -5.268305136990148428e-03 0.000000000000000000e+00 0.000000000000000000e+00
0.000000000000000000e+00 0.000000000000000000e+00 0.000000000000000000e+00 -7.007014681641787757e-02 0.000000000000000000e+00 0.000000000000000000e+00 4.751386888076361559e-02 0.000000000000000000e+00 0.000000000000000000e+00 0.000000000000000000e+00 1.382080224860339490e-02 0.000000000000000000e+00 0.000000000000000000e+00 0.000000000000000000e+00 6.113839329897234609e-02 1.431696350739830037e-01 0.000000000000000000e+00 0.000000000000000000e+00 0.000000000000000000e+00 -4.751386888076359477e-02 9.611699397139038259e-02 0.000000000000000000e+00 8.178922279518335836e-02 -1.724079116145442114e+01 0.000000000000000000e+00 2.424937922117109679e-02 0.000000000000000000e+00 -4.980188754850538302e-02 -5.268305136990097254e-03 -8.574627726803490252e-03 0.000000000000000000e+00 0.000000000000000000e+00
0.000000000000000000e+00 0.000000000000000000e+00 -7.007014681641804410e-02 0.000000000000000000e+00 0.000000000000000000e+00 4.751386888076365722e-02 0.000000000000000000e+00 0.000000000000000000e+00 0.000000000000000000e+00 0.000000000000000000e+00 1.382080224860341051e-02 0.000000000000000000e+00 0.000000000000000000e+00 0.000000000000000000e+00 0.000000000000000000e+00 0.000000000000000000e+00 1.431696350739830870e-01 6.113839329897226976e-02 -4.751386888076366416e-02 0.000000000000000000e+00 0.000000000000000000e+00 9.611699397139047973e-02 2.424937922117109679e-02 0.000000000000000000e+00 -1.724079116145441759e+01 8.178922279518335836e-02 -4.980188754850544547e-02 0.000000000000000000e+00 0.000000000000000000e+00 0.000000000000000000e+00 -8.574627726803490252e-03 -5.268305136990148428e-03
0.000000000000000000e+00 0.000000000000000000e+00 -7.007014681641804410e-02 0.000000000000000000e+00 0.000000000000000000e+00 0.000000000000000000e+00 4.751386888076366416e-02 0.000000000000000000e+00 0.000000000000000000e+00 0.000000000000000000e+00 1.382080224860341398e-02 0.000000000000000000e+00 0.000000000000000000e+00 0.000000000000000000e+00 0.000000000000000000e+00 0.000000000000000000e+00 6.113839329897234609e-02 1.431696350739830037e-01 0.000000000000000000e+00 -4.751386888076365722e-02 0.000000000000000000e+00 9.611699397139038259e-02 0.000000000000000000e+00 2.424937922117109679e-02 8.178922279518335836e-02 -1.724079116145442470e+01 0.000000000000000000e+00 -4.980188754850544547e-02 0.000000000000000000e+00 0.000000000000000000e+00 -5.268305136990097254e-03 -8.574627726803490252e-03
5.006217662639755872e-12 -9.611699397139047973e-02 0.000000000000000000e+00 0.000000000000000000e+00 0.000000000000000000e+00 -9.470135455474926189e-03 0.000000000000000000e+00 -9.529908464965088088e-02 5.697042973576184333e-02 8.419417795133610216e-03 4.512575516218570587e-02 7.086888358197708515e-02 -7.230075149200608509e-02 0.000000000000000000e+00 0.000000000000000000e+00 0.000000000000000000e+00 0.000000000000000000e+00 0.000000000000000000e+00 -2.885851945841411137e-02 0.000000000000000000e+00 0.000000000000000000e+00 0.000000000000000000e+00 -4.980188754850538302e-02 0.000000000000000000e+00 -4.980188754850544547e-02 0.000000000000000000e+00 -1.797782476392936246e+01 8.178922279518335836e-02 0.000000000000000000e+00 0.000000000000000000e+00 0.000000000000000000e+00 0.000000000000000000e+00
5.006217662639755872e-12 -9.611699397139038259e-02 0.000000000000000000e+00 0.000000000000000000e+00 0.000000000000000000e+00 0.000000000000000000e+00 -9.470135455474926189e-03 5.697042973576180169e-02 -9.529908464965085313e-02 8.419417795133665727e-03 4.512575516218568505e-02 -7.230075149200598794e-02 7.086888358197708515e-02 0.000000000000000000e+00 0.000000000000000000e+00 0.000000000000000000e+00 0.000000000000000000e+00 0.000000000000000000e+00 0.000000000000000000e+00 -2.885851945841411137e-02 0.000000000000000000e+00 0.000000000000000000e+00 0.000000000000000000e+00 -4.980188754850538302e-02 0.000000000000000000e+00 -4.980188754850544547e-02 8.178922279518335836e-02 -1.797782476392935891e+01 0.000000000000000000e+00 0.000000000000000000e+00 0.000000000000000000e+00 0.000000000000000000e+00
1.536049667340788627e-02 0.000000000000000000e+00 0.000000000000000000e+00 2.480293459317356453e-02 0.000000000000000000e+00 0.000000000000000000e+00 0.000000000000000000e+00 0.000000000000000000e+00 0.000000000000000000e+00 0.000000000000000000e+00 0.000000000000000000e+00 0.000000000000000000e+00 -1.633204257272936541e-02 0.000000000000000000e+00 0.000000000000000000e+00 3.040241603330843135e-03 0.000000000000000000e+00 0.000000000000000000e+00 0.000000000000000000e+00 0.000000000000000000e+00 0.000000000000000000e+00 0.000000000000000000e+00 -8.574627726803490252e-03 -5.268305136990097254e-03 0.000000000000000000e+00 0.000000000000000000e+00 0.000000000000000000e+00 0.000000000000000000e+00 -1.449091675253124123e+01 2.731896919860607106e-02 2.424937922117109679e-02 0.000000000000000000e+00
1.536049667340788974e-02 0.000000000000000000e+00 0.000000000000000000e+00 2.480293459317356453e-02 0.000000000000000000e+00 0.000000000000000000e+00 0.000000000000000000e+00 0.000000000000000000e+00 0.000000000000000000e+00 0.000000000000000000e+00 0.000000000000000000e+00 -1.633204257272937929e-02 0.000000000000000000e+00 0.000000000000000000e+00 3.040241603330832727e-03 0.000000000000000000e+00 0.000000000000000000e+00 0.000000000000000000e+00 0.000000000000000000e+00 0.000000000000000000e+00 0.000000000000000000e+00 0.000000000000000000e+00 -5.268305136990148428e-03 -8.574627726803490252e-03 0.000000000000000000e+00 0.000000000000000000e+00 0.000000000000000000e+00 0.000000000000000000e+00 2.731896919860607106e-02 -1.449091675253124123e+01 0.000000000000000000e+00 2.424937922117109679e-02
1.536049667340790188e-02 0.000000000000000000e+00 2.480293459317362004e-02 0.000000000000000000e+00 0.000000000000000000e+00 0.000000000000000000e+00 0.000000000000000000e+00 0.000000000000000000e+00 0.000000000000000000e+00 0.000000000000000000e+00 0.000000000000000000e+00 0.000000000000000000e+00 -1.633204257272938970e-02 0.000000000000000000e+00 0.000000000000000000e+00 0.000000000000000000e+00 0.000000000000000000e+00 3.040241603330843135e-03 0.000000000000000000e+00 0.000000000000000000e+00 0.000000000000000000e+00 0.000000000000000000e+00 0.000000000000000000e+00 0.000000000000000000e+00 -8.574627726803490252e-03 -5.268305136990097254e-03 0.000000000000000000e+00 0.000000000000000000e+00 2.424937922117109679e-02 0.000000000000000000e+00 -1.449091675253123768e+01 2.731896919860607106e-02
1.536049667340790709e-02 0.000000000000000000e+00 2.480293459317362004e-02 0.000000000000000000e+00 0.000000000000000000e+00 0.000000000000000000e+00 0.000000000000000000e+00 0.000000000000000000e+00 0.000000000000000000e+00 0.000000000000000000e+00 0.000000000000000000e+00 -1.633204257272940010e-02 0.000000000000000000e+00 0.000000000000000000e+00 0.000000000000000000e+00 0.000000000000000000e+00 3.040241603330832727e-03 0.000000000000000000e+00 0.000000000000000000e+00 0.000000000000000000e+00 0.000000000000000000e+00 0.000000000000000000e+00 0.000000000000000000e+00 0.000000000000000000e+00 -5.268305136990148428e-03 -8.574627726803490252e-03 0.000000000000000000e+00 0.000000000000000000e+00 0.000000000000000000e+00 2.424937922117109679e-02 2.731896919860607106e-02 -1.449091675253123945e+01
