-1.902128287129468731e+01 8.326456325269804282e-02 4.980188754850538302e-02 4.980188754850536914e-02 7.704806896467555899e-02 -7.230075149200604345e-02 -7.230075149200598794e-02 -6.113839329897223507e-02 -6.113839329897231140e-02 8.178922279518330285e-02 5.654698698044682836e-02 6.702749466569457581e-12 6.702749466569457581e-12 0.000000000000000000e+00 0.000000000000000000e+00 0.000000000000000000e+00 0.000000000000000000e+00 0.000000000000000000e+00 1.116235819303380838e-02 1.116235819303380838e-02 0.000000000000000000e+00 0.000000000000000000e+00 0.000000000000000000e+00 0.000000000000000000e+00 0.000000000000000000e+00 0.000000000000000000e+00 5.005940106883599583e-12 5.005940106883599583e-12 1.536049667340788800e-02 1.536049667340789494e-02 1.536049667340789321e-02 1.536049667340789841e-02 0.000000000000000000e+00 0.000000000000000000e+00 2.177047501333926813e-02 2.295258157353225956e-02 0.000000000000000000e+00 0.000000000000000000e+00 1.576789804716305018e-02 1.576789804716305365e-02 0.000000000000000000e+00 0.000000000000000000e+00 0.000000000000000000e+00 7.127453967834400904e-03 7.127453967834405241e-03 -3.697975926403642647e-03 -3.697975926403634841e-03 2.446785993491892852e-03 2.446785993491898490e-03 3.204754358608846807e-03 3.204754358608843338e-03 0.000000000000000000e+00 0.000000000000000000e+00 0.000000000000000000e+00 0.000000000000000000e+00 0.000000000000000000e+00 0.000000000000000000e+00 0.000000000000000000e+00 0.000000000000000000e+00 0.000000000000000000e+00 0.000000000000000000e+00 0.000000000000000000e+00 0.000000000000000000e+00 4.066830205928795294e-12
8.326456325269804282e-02 -1.783762380861649177e+01 0.000000000000000000e+00 0.000000000000000000e+00 1.650257544005977184e-01 1.431696350739830315e-01 1.431696350739828927e-01 8.203124177501081027e-02 8.203124177501081027e-02 1.413261309726944470e-01 0.000000000000000000e+00 -9.529908464965068660e-02 -9.529908464965070047e-02 5.654698698044682836e-02 4.751386888076367110e-02 4.751386888076369192e-02 4.751386888076369192e-02 4.751386888076369192e-02 -6.113839329897222813e-02 -6.113839329897231140e-02 4.980188754850536914e-02 4.980188754850538302e-02 0.000000000000000000e+00 0.000000000000000000e+00 0.000000000000000000e+00 0.000000000000000000e+00 -9.611699397139036871e-02 -9.611699397139029932e-02 0.000000000000000000e+00 0.000000000000000000e+00 0.000000000000000000e+00 0.000000000000000000e+00 4.512575516218572669e-02 4.512575516218572669e-02 0.000000000000000000e+00 6.201521341134240417e-03 5.697042973576178782e-02 5.697042973576178782e-02 0.000000000000000000e+00 0.000000000000000000e+00 0.000000000000000000e+00 0.000000000000000000e+00 0.000000000000000000e+00 0.000000000000000000e+00 0.000000000000000000e+00 1.470652501230285819e-02 1.470652501230285993e-02 1.395933108013888528e-02 1.395933108013888528e-02 1.151254508664698549e-02 1.151254508664697682e-02 0.000000000000000000e+00 0.000000000000000000e+00 0.000000000000000000e+00 0.000000000000000000e+00 0.000000000000000000e+00 0.000000000000000000e+00 0.000000000000000000e+00 0.000000000000000000e+00 0.000000000000000000e+00 0.000000000000000000e+00 0.000000000000000000e+00 0.000000000000000000e+00 -3.040241603330782853e-03
4.980188754850538302e-02 0.000000000000000000e+00 -1.820782540442198183e+01 2.424937922117117658e-02 5.101672209374793349e-02 0.000000000000000000e+00 0.000000000000000000e+00 0.000000000000000000e+00 0.000000000000000000e+00 0.000000000000000000e+00 1.645809244754672940e-02 -4.751386888076367804e-02 -4.751386888076369192e-02 0.000000000000000000e+00 0.000000000000000000e+00 0.000000000000000000e+00 9.529908464965068660e-02 9.529908464965070047e-02 0.000000000000000000e+00 0.000000000000000000e+00 0.000000000000000000e+00 8.326456325269804282e-02 0.000000000000000000e+00 0.000000000000000000e+00 -7.007014681641782206e-02 -7.007014681641776654e-02 0.000000000000000000e+00 0.000000000000000000e+00 0.000000000000000000e+00 0.000000000000000000e+00 2.480293459317428617e-02 2.480293459317428617e-02 0.000000000000000000e+00 0.000000000000000000e+00 0.000000000000000000e+00 0.000000000000000000e+00 0.000000000000000000e+00 0.000000000000000000e+00 0.000000000000000000e+00 2.731896919860596698e-02 8.178922279518330285e-02 0.000000000000000000e+00 1.496894044419242766e-02 0.000000000000000000e+00 0.000000000000000000e+00 0.000000000000000000e+00 0.000000000000000000e+00 0.000000000000000000e+00 0.000000000000000000e+00 0.000000000000000000e+00 0.000000000000000000e+00 0.000000000000000000e+00 0.000000000000000000e+00 1.836665537413345595e-02 1.836665537413342819e-02 -2.610694286982698231e-02 -2.610694286982698231e-02 0.000000000000000000e+00 0.000000000000000000e+00 0.000000000000000000e+00 0.000000000000000000e+00 -2.083863773283689200e-02 -2.083863773283690241e-02 0.000000000000000000e+00
4.980188754850536914e-02 0.000000000000000000e+00 2.424937922117117658e-02 -1.820782540442198183e+01 5.101672209374792655e-02 0.000000000000000000e+00 0.000000000000000000e+00 0.000000000000000000e+00 0.000000000000000000e+00 0.000000000000000000e+00 1.645809244754672593e-02 -4.751386888076367110e-02 -4.751386888076368498e-02 0.000000000000000000e+00 9.529908464965068660e-02 9.529908464965070047e-02 0.000000000000000000e+00 0.000000000000000000e+00 0.000000000000000000e+00 0.000000000000000000e+00 8.326456325269804282e-02 0.000000000000000000e+00 -7.007014681641776654e-02 -7.007014681641776654e-02 0.000000000000000000e+00 0.000000000000000000e+00 0.000000000000000000e+00 0.000000000000000000e+00 2.480293459317428617e-02 2.480293459317428617e-02 0.000000000000000000e+00 0.000000000000000000e+00 0.000000000000000000e+00 0.000000000000000000e+00 0.000000000000000000e+00 0.000000000000000000e+00 0.000000000000000000e+00 0.000000000000000000e+00 2.731896919860596698e-02 0.000000000000000000e+00 0.000000000000000000e+00 8.178922279518330285e-02 1.496894044419243286e-02 0.000000000000000000e+00 0.000000000000000000e+00 0.000000000000000000e+00 0.000000000000000000e+00 0.000000000000000000e+00 0.000000000000000000e+00 0.000000000000000000e+00 0.000000000000000000e+00 1.836665537413345595e-02 1.836665537413342819e-02 0.000000000000000000e+00 0.000000000000000000e+00 0.000000000000000000e+00 0.000000000000000000e+00 -2.610694286982698231e-02 -2.610694286982698231e-02 -2.083863773283689200e-02 -2.083863773283690241e-02 0.000000000000000000e+00 0.000000000000000000e+00 0.000000000000000000e+00
7.704806896467555899e-02 1.650257544005977184e-01 5.101672209374793349e-02 5.101672209374792655e-02 -1.777231905322971173e+01 7.086888358197693250e-02 7.086888358197693250e-02 1.431696350739830037e-01 1.431696350739828372e-01 0.000000000000000000e+00 1.413261309726944470e-01 9.984071603119981653e-03 9.984071603119981653e-03 8.178922279518330285e-02 0.000000000000000000e+00 0.000000000000000000e+00 0.000000000000000000e+00 0.000000000000000000e+00 7.230075149200607121e-02 7.230075149200593243e-02 1.496894044419242766e-02 1.496894044419243286e-02 0.000000000000000000e+00 0.000000000000000000e+00 0.000000000000000000e+00 0.000000000000000000e+00 0.000000000000000000e+00 0.000000000000000000e+00 0.000000000000000000e+00 0.000000000000000000e+00 0.000000000000000000e+00 0.000000000000000000e+00 -9.817800830480893914e-03 -9.817800830480838403e-03 0.000000000000000000e+00 2.731896919860596698e-02 0.000000000000000000e+00 0.000000000000000000e+00 0.000000000000000000e+00 0.000000000000000000e+00 0.000000000000000000e+00 0.000000000000000000e+00 0.000000000000000000e+00 0.000000000000000000e+00 0.000000000000000000e+00 2.418884222970540954e-03 2.418884222970513198e-03 0.000000000000000000e+00 0.000000000000000000e+00 0.000000000000000000e+00 0.000000000000000000e+00 1.633204257272940010e-02 1.633204257272942092e-02 1.633204257272940357e-02 1.633204257272941745e-02 0.000000000000000000e+00 0.000000000000000000e+00 0.000000000000000000e+00 0.000000000000000000e+00 0.000000000000000000e+00 0.000000000000000000e+00 0.000000000000000000e+00 0.000000000000000000e+00 -6.734149622439137596e-03
-7.230075149200604345e-02 1.431696350739830315e-01 0.000000000000000000e+00 0.000000000000000000e+00 7.086888358197693250e-02 -1.734973618946472129e+01 0.000000000000000000e+00 1.650257544005977461e-01 1.413261309726946413e-01 7.086888358197693250e-02 1.431696350739828927e-01 0.000000000000000000e+00 -2.058671898685859869e-02 -7.230075149200598794e-02 0.000000000000000000e+00 1.382080224860339664e-02 0.000000000000000000e+00 1.382080224860340531e-02 -7.704806896467565613e-02 -8.178922279518330285e-02 0.000000000000000000e+00 0.000000000000000000e+00 4.751386888076367110e-02 0.000000000000000000e+00 4.751386888076369192e-02 0.000000000000000000e+00 -9.470135455473704944e-03 0.000000000000000000e+00 0.000000000000000000e+00 0.000000000000000000e+00 0.000000000000000000e+00 0.000000000000000000e+00 -3.884259105483145458e-02 0.000000000000000000e+00 0.000000000000000000e+00 0.000000000000000000e+00 0.000000000000000000e+00 -3.882393761247276975e-02 0.000000000000000000e+00 0.000000000000000000e+00 0.000000000000000000e+00 0.000000000000000000e+00 0.000000000000000000e+00 1.151254508664697682e-02 0.000000000000000000e+00 1.471729944525584748e-02 0.000000000000000000e+00 1.470652501230285646e-02 0.000000000000000000e+00 9.210604799701871404e-03 0.000000000000000000e+00 0.000000000000000000e+00 0.000000000000000000e+00 0.000000000000000000e+00 0.000000000000000000e+00 1.633204257272940357e-02 0.000000000000000000e+00 1.633204257272940010e-02 0.000000000000000000e+00 0.000000000000000000e+00 0.000000000000000000e+00 0.000000000000000000e+00 0.000000000000000000e+00 0.000000000000000000e+00
-7.230075149200598794e-02 1.431696350739828927e-01 0.000000000000000000e+00 0.000000000000000000e+00 7.086888358197693250e-02 0.000000000000000000e+00 -1.734973618946472484e+01 1.413261309726945858e-01 1.650257544005977461e-01 7.086888358197693250e-02 1.431696350739830315e-01 -2.058671898685859869e-02 0.000000000000000000e+00 -7.230075149200604345e-02 1.382080224860339837e-02 0.000000000000000000e+00 1.382080224860340184e-02 0.000000000000000000e+00 -8.178922279518333061e-02 -7.704806896467562838e-02 0.000000000000000000e+00 0.000000000000000000e+00 0.000000000000000000e+00 4.751386888076369192e-02 0.000000000000000000e+00 4.751386888076369192e-02 0.000000000000000000e+00 -9.470135455473732700e-03 0.000000000000000000e+00 0.000000000000000000e+00 0.000000000000000000e+00 0.000000000000000000e+00 0.000000000000000000e+00 -3.884259105483146846e-02 0.000000000000000000e+00 0.000000000000000000e+00 -3.882393761247276975e-02 0.000000000000000000e+00 0.000000000000000000e+00 0.000000000000000000e+00 0.000000000000000000e+00 0.000000000000000000e+00 0.000000000000000000e+00 0.000000000000000000e+00 1.151254508664698549e-02 0.000000000000000000e+00 1.471729944525584748e-02 0.000000000000000000e+00 1.470652501230285819e-02 0.000000000000000000e+00 9.210604799701871404e-03 0.000000000000000000e+00 0.000000000000000000e+00 0.000000000000000000e+00 0.000000000000000000e+00 0.000000000000000000e+00 1.633204257272941745e-02 0.000000000000000000e+00 1.633204257272942092e-02 0.000000000000000000e+00 0.000000000000000000e+00 0.000000000000000000e+00 0.000000000000000000e+00 5.268305136990044345e-03
-6.113839329897223507e-02 8.203124177501081027e-02 0.000000000000000000e+00 0.000000000000000000e+00 1.431696350739830037e-01 1.650257544005977461e-01 1.413261309726945858e-01 -1.736876193099143961e+01 0.000000000000000000e+00 1.431696350739828372e-01 8.203124177501081027e-02 -9.611699397139034096e-02 4.512575516218571975e-02 -6.113839329897231140e-02 0.000000000000000000e+00 0.000000000000000000e+00 0.000000000000000000e+00 0.000000000000000000e+00 8.326456325269800118e-02 5.654698698044680061e-02 0.000000000000000000e+00 0.000000000000000000e+00 0.000000000000000000e+00 0.000000000000000000e+00 0.000000000000000000e+00 0.000000000000000000e+00 -9.529908464965067272e-02 5.697042973576166985e-02 0.000000000000000000e+00 0.000000000000000000e+00 0.000000000000000000e+00 0.000000000000000000e+00 -9.529908464965068660e-02 5.697042973576180863e-02 0.000000000000000000e+00 0.000000000000000000e+00 -9.611699397139035483e-02 4.512575516218572669e-02 0.000000000000000000e+00 0.000000000000000000e+00 0.000000000000000000e+00 0.000000000000000000e+00 0.000000000000000000e+00 0.000000000000000000e+00 1.395933108013888528e-02 0.000000000000000000e+00 1.151254508664698896e-02 2.003603469393983039e-02 0.000000000000000000e+00 1.470652501230285819e-02 0.000000000000000000e+00 0.000000000000000000e+00 0.000000000000000000e+00 0.000000000000000000e+00 0.000000000000000000e+00 0.000000000000000000e+00 0.000000000000000000e+00 0.000000000000000000e+00 0.000000000000000000e+00 1.633204257272940010e-02 0.000000000000000000e+00 1.633204257272940357e-02 0.000000000000000000e+00 0.000000000000000000e+00
-6.113839329897231140e-02 8.203124177501081027e-02 0.000000000000000000e+00 0.000000000000000000e+00 1.431696350739828372e-01 1.413261309726946413e-01 1.650257544005977461e-01 0.000000000000000000e+00 -1.736876193099143961e+01 1.431696350739830037e-01 8.203124177501081027e-02 4.512575516218570587e-02 -9.611699397139039647e-02 -6.113839329897223507e-02 0.000000000000000000e+00 0.000000000000000000e+00 0.000000000000000000e+00 0.000000000000000000e+00 5.654698698044679367e-02 8.326456325269805669e-02 0.000000000000000000e+00 0.000000000000000000e+00 0.000000000000000000e+00 0.000000000000000000e+00 0.000000000000000000e+00 0.000000000000000000e+00 5.697042973576176006e-02 -9.529908464965070047e-02 0.000000000000000000e+00 0.000000000000000000e+00 0.000000000000000000e+00 0.000000000000000000e+00 5.697042973576182945e-02 -9.529908464965070047e-02 0.000000000000000000e+00 0.000000000000000000e+00 4.512575516218571281e-02 -9.611699397139036871e-02 0.000000000000000000e+00 0.000000000000000000e+00 0.000000000000000000e+00 0.000000000000000000e+00 0.000000000000000000e+00 1.395933108013888528e-02 0.000000000000000000e+00 1.151254508664697508e-02 0.000000000000000000e+00 0.000000000000000000e+00 2.003603469393983039e-02 0.000000000000000000e+00 1.470652501230285646e-02 0.000000000000000000e+00 0.000000000000000000e+00 0.000000000000000000e+00 0.000000000000000000e+00 0.000000000000000000e+00 0.000000000000000000e+00 0.000000000000000000e+00 0.000000000000000000e+00 0.000000000000000000e+00 1.633204257272942092e-02 0.000000000000000000e+00 1.633204257272941745e-02 -3.306322589813364809e-03
8.178922279518330285e-02 1.413261309726944470e-01 0.000000000000000000e+00 0.000000000000000000e+00 0.000000000000000000e+00 7.086888358197693250e-02 7.086888358197693250e-02 1.431696350739828372e-01 1.431696350739830037e-01 -1.690444379306631362e+01 1.650257544005977184e-01 0.000000000000000000e+00 0.000000000000000000e+00 7.704806896467555899e-02 0.000000000000000000e+00 0.000000000000000000e+00 0.000000000000000000e+00 0.000000000000000000e+00 7.230075149200601570e-02 7.230075149200604345e-02 0.000000000000000000e+00 0.000000000000000000e+00 0.000000000000000000e+00 0.000000000000000000e+00 0.000000000000000000e+00 0.000000000000000000e+00 8.419417795133277149e-03 8.419417795133221638e-03 0.000000000000000000e+00 0.000000000000000000e+00 0.000000000000000000e+00 0.000000000000000000e+00 0.000000000000000000e+00 0.000000000000000000e+00 6.201521341134240417e-03 0.000000000000000000e+00 -1.938838399623782349e-02 -1.938838399623782349e-02 0.000000000000000000e+00 0.000000000000000000e+00 4.980188754850538302e-02 4.980188754850536914e-02 0.000000000000000000e+00 1.470652501230285819e-02 1.470652501230285993e-02 0.000000000000000000e+00 0.000000000000000000e+00 1.151254508664697508e-02 1.151254508664698896e-02 1.471729944525584748e-02 1.471729944525584748e-02 0.000000000000000000e+00 0.000000000000000000e+00 0.000000000000000000e+00 0.000000000000000000e+00 0.000000000000000000e+00 0.000000000000000000e+00 0.000000000000000000e+00 0.000000000000000000e+00 0.000000000000000000e+00 0.000000000000000000e+00 0.000000000000000000e+00 0.000000000000000000e+00 0.000000000000000000e+00
5.654698698044682836e-02 0.000000000000000000e+00 1.645809244754672940e-02 1.645809244754672593e-02 1.413261309726944470e-01 1.431696350739828927e-01 1.431696350739830315e-01 8.203124177501081027e-02 8.203124177501081027e-02 1.650257544005977184e-01 -1.684509907101338300e+01 5.697042973576176700e-02 5.697042973576178088e-02 8.326456325269804282e-02 0.000000000000000000e+00 0.000000000000000000e+00 0.000000000000000000e+00 0.000000000000000000e+00 -6.113839329897227670e-02 -6.113839329897225588e-02 0.000000000000000000e+00 0.000000000000000000e+00 1.382080224860339837e-02 1.382080224860339664e-02 1.382080224860340184e-02 1.382080224860340531e-02 4.512575516218569893e-02 4.512575516218574750e-02 0.000000000000000000e+00 0.000000000000000000e+00 0.000000000000000000e+00 0.000000000000000000e+00 -9.611699397139043810e-02 -9.611699397139035483e-02 2.731896919860596698e-02 0.000000000000000000e+00 -9.529908464965068660e-02 -9.529908464965070047e-02 0.000000000000000000e+00 0.000000000000000000e+00 1.496894044419243286e-02 1.496894044419242766e-02 0.000000000000000000e+00 1.877096320758869785e-02 1.877096320758869785e-02 0.000000000000000000e+00 0.000000000000000000e+00 0.000000000000000000e+00 0.000000000000000000e+00 0.000000000000000000e+00 0.000000000000000000e+00 0.000000000000000000e+00 0.000000000000000000e+00 0.000000000000000000e+00 0.000000000000000000e+00 0.000000000000000000e+00 0.000000000000000000e+00 0.000000000000000000e+00 0.000000000000000000e+00 0.000000000000000000e+00 0.000000000000000000e+00 0.000000000000000000e+00 0.000000000000000000e+00 0.000000000000000000e+00
6.702749466569457581e-12 -9.529908464965068660e-02 -4.751386888076367804e-02 -4.751386888076367110e-02 9.984071603119981653e-03 0.000000000000000000e+00 -2.058671898685859869e-02 -9.611699397139034096e-02 4.512575516218570587e-02 0.000000000000000000e+00 5.697042973576176700e-02 -1.840509033268535788e+01 7.704806896467562838e-02 0.000000000000000000e+00 1.496894044419242766e-02 0.000000000000000000e+00 1.496894044419243286e-02 0.000000000000000000e+00 -3.040451982234571027e-02 0.000000000000000000e+00 0.000000000000000000e+00 0.000000000000000000e+00 0.000000000000000000e+00 0.000000000000000000e+00 0.000000000000000000e+00 0.000000000000000000e+00 7.086888358197693250e-02 -7.230075149200593243e-02 0.000000000000000000e+00 -1.633204257272942092e-02 0.000000000000000000e+00 -1.633204257272941745e-02 7.230075149200604345e-02 1.116235819303380838e-02 0.000000000000000000e+00 2.489379897393514257e-02 -8.178922279518330285e-02 0.000000000000000000e+00 0.000000000000000000e+00 0.000000000000000000e+00 0.000000000000000000e+00 0.000000000000000000e+00 0.000000000000000000e+00 0.000000000000000000e+00 -1.638507511847517653e-02 -6.734149622439167954e-03 -9.883773128328554591e-04 0.000000000000000000e+00 -2.083863773283690241e-02 0.000000000000000000e+00 5.268305136990053018e-03 -1.536049667340788800e-02 0.000000000000000000e+00 -1.536049667340789321e-02 0.000000000000000000e+00 0.000000000000000000e+00 0.000000000000000000e+00 0.000000000000000000e+00 0.000000000000000000e+00 0.000000000000000000e+00 0.000000000000000000e+00 0.000000000000000000e+00 0.000000000000000000e+00 2.822740974785159507e-03
6.702749466569457581e-12 -9.529908464965070047e-02 -4.751386888076369192e-02 -4.751386888076368498e-02 9.984071603119981653e-03 -2.058671898685859869e-02 0.000000000000000000e+00 4.512575516218571975e-02 -9.611699397139039647e-02 0.000000000000000000e+00 5.697042973576178088e-02 7.704806896467562838e-02 -1.840509033268535433e+01 0.000000000000000000e+00 0.000000000000000000e+00 1.496894044419242766e-02 0.000000000000000000e+00 1.496894044419243286e-02 0.000000000000000000e+00 -3.040451982234571027e-02 0.000000000000000000e+00 0.000000000000000000e+00 0.000000000000000000e+00 0.000000000000000000e+00 0.000000000000000000e+00 0.000000000000000000e+00 -7.230075149200607121e-02 7.086888358197693250e-02 -1.633204257272940010e-02 0.000000000000000000e+00 -1.633204257272940357e-02 0.000000000000000000e+00 1.116235819303380838e-02 7.230075149200598794e-02 0.000000000000000000e+00 2.489379897393518074e-02 0.000000000000000000e+00 -8.178922279518330285e-02 0.000000000000000000e+00 0.000000000000000000e+00 0.000000000000000000e+00 0.000000000000000000e+00 0.000000000000000000e+00 -1.638507511847518000e-02 0.000000000000000000e+00 -9.883773128328277036e-04 -6.734149622439188770e-03 -2.083863773283689200e-02 0.000000000000000000e+00 5.268305136990088580e-03 0.000000000000000000e+00 0.000000000000000000e+00 -1.536049667340789494e-02 0.000000000000000000e+00 -1.536049667340789841e-02 0.000000000000000000e+00 0.000000000000000000e+00 0.000000000000000000e+00 0.000000000000000000e+00 0.000000000000000000e+00 0.000000000000000000e+00 0.000000000000000000e+00 0.000000000000000000e+00 -3.697975926403594942e-03
0.000000000000000000e+00 5.654698698044682836e-02 0.000000000000000000e+00 0.000000000000000000e+00 8.178922279518330285e-02 -7.230075149200598794e-02 -7.230075149200604345e-02 -6.113839329897231140e-02 -6.113839329897223507e-02 7.704806896467555899e-02 8.326456325269804282e-02 0.000000000000000000e+00 0.000000000000000000e+00 -1.594097650186042792e+01 0.000000000000000000e+00 0.000000000000000000e+00 0.000000000000000000e+00 0.000000000000000000e+00 1.116235819303359328e-02 1.116235819303359328e-02 1.645809244754672940e-02 1.645809244754672246e-02 0.000000000000000000e+00 0.000000000000000000e+00 0.000000000000000000e+00 0.000000000000000000e+00 0.000000000000000000e+00 0.000000000000000000e+00 0.000000000000000000e+00 0.000000000000000000e+00 0.000000000000000000e+00 0.000000000000000000e+00 -1.823721862060828647e-02 -1.823721862060823096e-02 0.000000000000000000e+00 0.000000000000000000e+00 -2.937245559265444506e-02 -2.937245559265444506e-02 0.000000000000000000e+00 0.000000000000000000e+00 5.101672209374791961e-02 5.101672209374791961e-02 0.000000000000000000e+00 0.000000000000000000e+00 0.000000000000000000e+00 0.000000000000000000e+00 0.000000000000000000e+00 0.000000000000000000e+00 0.000000000000000000e+00 0.000000000000000000e+00 0.000000000000000000e+00 0.000000000000000000e+00 0.000000000000000000e+00 0.000000000000000000e+00 0.000000000000000000e+00 0.000000000000000000e+00 0.000000000000000000e+00 0.000000000000000000e+00 0.000000000000000000e+00 0.000000000000000000e+00 0.000000000000000000e+00 0.000000000000000000e+00 0.000000000000000000e+00 0.000000000000000000e+00
0.000000000000000000e+00 4.751386888076367110e-02 0.000000000000000000e+00 9.529908464965068660e-02 0.000000000000000000e+00 0.000000000000000000e+00 1.382080224860339837e-02 0.000000000000000000e+00 0.000000000000000000e+00 0.000000000000000000e+00 0.000000000000000000e+00 1.496894044419242766e-02 0.000000000000000000e+00 0.000000000000000000e+00 -1.772492885593265655e+01 7.704806896467562838e-02 2.424937922117118005e-02 0.000000000000000000e+00 -1.382080224860339837e-02 0.000000000000000000e+00 -4.512366893541958079e-02 0.000000000000000000e+00 1.431696350739830315e-01 6.113839329897231140e-02 0.000000000000000000e+00 0.000000000000000000e+00 0.000000000000000000e+00 0.000000000000000000e+00 0.000000000000000000e+00 3.040241603330775914e-03 0.000000000000000000e+00 0.000000000000000000e+00 0.000000000000000000e+00 0.000000000000000000e+00 0.000000000000000000e+00 0.000000000000000000e+00 -1.645809244754672593e-02 0.000000000000000000e+00 0.000000000000000000e+00 0.000000000000000000e+00 0.000000000000000000e+00 5.697042973576178782e-02 -4.751386888076369192e-02 0.000000000000000000e+00 0.000000000000000000e+00 0.000000000000000000e+00 0.000000000000000000e+00 0.000000000000000000e+00 0.000000000000000000e+00 0.000000000000000000e+00 0.000000000000000000e+00 -1.470652501230285819e-02 0.000000000000000000e+00 0.000000000000000000e+00 0.000000000000000000e+00 0.000000000000000000e+00 0.000000000000000000e+00 0.000000000000000000e+00 -2.446785993491894587e-03 -1.395933108013888528e-02 0.000000000000000000e+00 0.000000000000000000e+00 0.000000000000000000e+00 0.000000000000000000e+00
0.000000000000000000e+00 4.751386888076369192e-02 0.000000000000000000e+00 9.529908464965070047e-02 0.000000000000000000e+00 1.382080224860339664e-02 0.000000000000000000e+00 0.000000000000000000e+00 0.000000000000000000e+00 0.000000000000000000e+00 0.000000000000000000e+00 0.000000000000000000e+00 1.496894044419242766e-02 0.000000000000000000e+00 7.704806896467562838e-02 -1.772492885593265299e+01 0.000000000000000000e+00 2.424937922117118005e-02 0.000000000000000000e+00 -1.382080224860339837e-02 -4.512366893541955304e-02 0.000000000000000000e+00 6.113839329897222813e-02 1.431696350739828927e-01 0.000000000000000000e+00 0.000000000000000000e+00 0.000000000000000000e+00 0.000000000000000000e+00 3.040241603330782853e-03 0.000000000000000000e+00 0.000000000000000000e+00 0.000000000000000000e+00 0.000000000000000000e+00 0.000000000000000000e+00 0.000000000000000000e+00 0.000000000000000000e+00 0.000000000000000000e+00 -1.645809244754672593e-02 0.000000000000000000e+00 0.000000000000000000e+00 0.000000000000000000e+00 5.697042973576178782e-02 -4.751386888076369192e-02 0.000000000000000000e+00 0.000000000000000000e+00 0.000000000000000000e+00 0.000000000000000000e+00 0.000000000000000000e+00 0.000000000000000000e+00 0.000000000000000000e+00 0.000000000000000000e+00 0.000000000000000000e+00 -1.470652501230285993e-02 0.000000000000000000e+00 0.000000000000000000e+00 0.000000000000000000e+00 0.000000000000000000e+00 -2.446785993491899357e-03 0.000000000000000000e+00 0.000000000000000000e+00 -1.395933108013888528e-02 0.000000000000000000e+00 0.000000000000000000e+00 0.000000000000000000e+00
0.000000000000000000e+00 4.751386888076369192e-02 9.529908464965068660e-02 0.000000000000000000e+00 0.000000000000000000e+00 0.000000000000000000e+00 1.382080224860340184e-02 0.000000000000000000e+00 0.000000000000000000e+00 0.000000000000000000e+00 0.000000000000000000e+00 1.496894044419243286e-02 0.000000000000000000e+00 0.000000000000000000e+00 2.424937922117118005e-02 0.000000000000000000e+00 -1.772492885593265655e+01 7.704806896467562838e-02 -1.382080224860340184e-02 0.000000000000000000e+00 0.000000000000000000e+00 -4.512366893541958079e-02 0.000000000000000000e+00 0.000000000000000000e+00 1.431696350739830315e-01 6.113839329897231140e-02 0.000000000000000000e+00 0.000000000000000000e+00 0.000000000000000000e+00 0.000000000000000000e+00 0.000000000000000000e+00 3.040241603330775914e-03 0.000000000000000000e+00 0.000000000000000000e+00 0.000000000000000000e+00 0.000000000000000000e+00 -1.645809244754672940e-02 0.000000000000000000e+00 0.000000000000000000e+00 0.000000000000000000e+00 5.697042973576178782e-02 0.000000000000000000e+00 -4.751386888076369192e-02 0.000000000000000000e+00 0.000000000000000000e+00 0.000000000000000000e+00 0.000000000000000000e+00 0.000000000000000000e+00 0.000000000000000000e+00 0.000000000000000000e+00 0.000000000000000000e+00 0.000000000000000000e+00 0.000000000000000000e+00 -1.470652501230285819e-02 0.000000000000000000e+00 0.000000000000000000e+00 -2.446785993491894587e-03 0.000000000000000000e+00 0.000000000000000000e+00 0.000000000000000000e+00 0.000000000000000000e+00 -1.395933108013888528e-02 0.000000000000000000e+00 0.000000000000000000e+00
0.000000000000000000e+00 4.751386888076369192e-02 9.529908464965070047e-02 0.000000000000000000e+00 0.000000000000000000e+00 1.382080224860340531e-02 0.000000000000000000e+00 0.000000000000000000e+00 0.000000000000000000e+00 0.000000000000000000e+00 0.000000000000000000e+00 0.000000000000000000e+00 1.496894044419243286e-02 0.000000000000000000e+00 0.000000000000000000e+00 2.424937922117118005e-02 7.704806896467562838e-02 -1.772492885593265299e+01 0.000000000000000000e+00 -1.382080224860340011e-02 0.000000000000000000e+00 -4.512366893541955304e-02 0.000000000000000000e+00 0.000000000000000000e+00 6.113839329897222813e-02 1.431696350739828927e-01 0.000000000000000000e+00 0.000000000000000000e+00 0.000000000000000000e+00 0.000000000000000000e+00 3.040241603330782853e-03 0.000000000000000000e+00 0.000000000000000000e+00 0.000000000000000000e+00 0.000000000000000000e+00 0.000000000000000000e+00 0.000000000000000000e+00 -1.645809244754672940e-02 0.000000000000000000e+00 0.000000000000000000e+00 5.697042973576178782e-02 0.000000000000000000e+00 -4.751386888076367110e-02 0.000000000000000000e+00 0.000000000000000000e+00 0.000000000000000000e+00 0.000000000000000000e+00 0.000000000000000000e+00 0.000000000000000000e+00 0.000000000000000000e+00 0.000000000000000000e+00 0.000000000000000000e+00 0.000000000000000000e+00 0.000000000000000000e+00 -1.470652501230285993e-02 -2.446785993491899357e-03 0.000000000000000000e+00 0.000000000000000000e+00 0.000000000000000000e+00 0.000000000000000000e+00 0.000000000000000000e+00 0.000000000000000000e+00 -1.395933108013888528e-02 0.000000000000000000e+00
1.116235819303380838e-02 -6.113839329897222813e-02 0.000000000000000000e+00 0.000000000000000000e+00 7.230075149200607121e-02 -7.704806896467565613e-02 -8.178922279518333061e-02 8.326456325269800118e-02 5.654698698044679367e-02 7.230075149200601570e-02 -6.113839329897227670e-02 -3.040451982234571027e-02 0.000000000000000000e+00 1.116235819303359328e-02 -1.382080224860339837e-02 0.000000000000000000e+00 -1.382080224860340184e-02 0.000000000000000000e+00 -1.751627652460487283e+01 0.000000000000000000e+00 0.000000000000000000e+00 0.000000000000000000e+00 -4.751386888076369192e-02 0.000000000000000000e+00 -4.751386888076369192e-02 0.000000000000000000e+00 -2.885851945841522159e-02 0.000000000000000000e+00 0.000000000000000000e+00 0.000000000000000000e+00 0.000000000000000000e+00 0.000000000000000000e+00 5.139361409425835525e-04 0.000000000000000000e+00 0.000000000000000000e+00 0.000000000000000000e+00 -1.216730119673187227e-02 0.000000000000000000e+00 0.000000000000000000e+00 0.000000000000000000e+00 0.000000000000000000e+00 0.000000000000000000e+00 0.000000000000000000e+00 0.000000000000000000e+00 2.446785993491894587e-03 0.000000000000000000e+00 -3.204754358608846807e-03 0.000000000000000000e+00 7.127453967834412180e-03 3.697975926403663464e-03 0.000000000000000000e+00 0.000000000000000000e+00 0.000000000000000000e+00 0.000000000000000000e+00 0.000000000000000000e+00 0.000000000000000000e+00 0.000000000000000000e+00 0.000000000000000000e+00 0.000000000000000000e+00 0.000000000000000000e+00 0.000000000000000000e+00 0.000000000000000000e+00 0.000000000000000000e+00 -8.574627726803453823e-03
1.116235819303380838e-02 -6.113839329897231140e-02 0.000000000000000000e+00 0.000000000000000000e+00 7.230075149200593243e-02 -8.178922279518330285e-02 -7.704806896467562838e-02 5.654698698044680061e-02 8.326456325269805669e-02 7.230075149200604345e-02 -6.113839329897225588e-02 0.000000000000000000e+00 -3.040451982234571027e-02 1.116235819303359328e-02 0.000000000000000000e+00 -1.382080224860339837e-02 0.000000000000000000e+00 -1.382080224860340011e-02 0.000000000000000000e+00 -1.751627652460487283e+01 0.000000000000000000e+00 0.000000000000000000e+00 0.000000000000000000e+00 -4.751386888076367110e-02 0.000000000000000000e+00 -4.751386888076369192e-02 0.000000000000000000e+00 -2.885851945841522159e-02 0.000000000000000000e+00 0.000000000000000000e+00 0.000000000000000000e+00 0.000000000000000000e+00 0.000000000000000000e+00 5.139361409425835525e-04 0.000000000000000000e+00 0.000000000000000000e+00 0.000000000000000000e+00 -1.216730119673187227e-02 0.000000000000000000e+00 0.000000000000000000e+00 0.000000000000000000e+00 0.000000000000000000e+00 0.000000000000000000e+00 2.446785993491899357e-03 0.000000000000000000e+00 -3.204754358608858517e-03 0.000000000000000000e+00 7.127453967834393098e-03 0.000000000000000000e+00 0.000000000000000000e+00 3.697975926403594942e-03 0.000000000000000000e+00 0.000000000000000000e+00 0.000000000000000000e+00 0.000000000000000000e+00 0.000000000000000000e+00 0.000000000000000000e+00 0.000000000000000000e+00 0.000000000000000000e+00 0.000000000000000000e+00 0.000000000000000000e+00 0.000000000000000000e+00 0.000000000000000000e+00 0.000000000000000000e+00
0.000000000000000000e+00 4.980188754850536914e-02 0.000000000000000000e+00 8.326456325269804282e-02 1.496894044419242766e-02 0.000000000000000000e+00 0.000000000000000000e+00 0.000000000000000000e+00 0.000000000000000000e+00 0.000000000000000000e+00 0.000000000000000000e+00 0.000000000000000000e+00 0.000000000000000000e+00 1.645809244754672940e-02 -4.512366893541958079e-02 -4.512366893541955304e-02 0.000000000000000000e+00 0.000000000000000000e+00 0.000000000000000000e+00 0.000000000000000000e+00 -1.717047492812881870e+01 2.424937922117118005e-02 9.611699397139036871e-02 9.611699397139029932e-02 0.000000000000000000e+00 0.000000000000000000e+00 0.000000000000000000e+00 0.000000000000000000e+00 0.000000000000000000e+00 0.000000000000000000e+00 0.000000000000000000e+00 0.000000000000000000e+00 -1.382080224860339837e-02 -1.382080224860339837e-02 0.000000000000000000e+00 0.000000000000000000e+00 0.000000000000000000e+00 0.000000000000000000e+00 0.000000000000000000e+00 0.000000000000000000e+00 0.000000000000000000e+00 1.413261309726944470e-01 5.101672209374791961e-02 0.000000000000000000e+00 0.000000000000000000e+00 0.000000000000000000e+00 0.000000000000000000e+00 0.000000000000000000e+00 0.000000000000000000e+00 0.000000000000000000e+00 0.000000000000000000e+00 -3.040241603330782853e-03 -3.040241603330775914e-03 0.000000000000000000e+00 0.000000000000000000e+00 0.000000000000000000e+00 0.000000000000000000e+00 0.000000000000000000e+00 0.000000000000000000e+00 0.000000000000000000e+00 0.000000000000000000e+00 0.000000000000000000e+00 0.000000000000000000e+00 0.000000000000000000e+00
0.000000000000000000e+00 4.980188754850538302e-02 8.326456325269804282e-02 0.000000000000000000e+00 1.496894044419243286e-02 0.000000000000000000e+00 0.000000000000000000e+00 0.000000000000000000e+00 0.000000000000000000e+00 0.000000000000000000e+00 0.000000000000000000e+00 0.000000000000000000e+00 0.000000000000000000e+00 1.645809244754672246e-02 0.000000000000000000e+00 0.000000000000000000e+00 -4.512366893541958079e-02 -4.512366893541955304e-02 0.000000000000000000e+00 0.000000000000000000e+00 2.424937922117118005e-02 -1.717047492812881870e+01 0.000000000000000000e+00 0.000000000000000000e+00 9.611699397139036871e-02 9.611699397139029932e-02 0.000000000000000000e+00 0.000000000000000000e+00 0.000000000000000000e+00 0.000000000000000000e+00 0.000000000000000000e+00 0.000000000000000000e+00 -1.382080224860340184e-02 -1.382080224860340011e-02 0.000000000000000000e+00 0.000000000000000000e+00 0.000000000000000000e+00 0.000000000000000000e+00 0.000000000000000000e+00 0.000000000000000000e+00 1.413261309726944470e-01 0.000000000000000000e+00 5.101672209374791961e-02 0.000000000000000000e+00 0.000000000000000000e+00 0.000000000000000000e+00 0.000000000000000000e+00 0.000000000000000000e+00 0.000000000000000000e+00 0.000000000000000000e+00 0.000000000000000000e+00 0.000000000000000000e+00 0.000000000000000000e+00 -3.040241603330782853e-03 -3.040241603330775914e-03 0.000000000000000000e+00 0.000000000000000000e+00 0.000000000000000000e+00 0.000000000000000000e+00 0.000000000000000000e+00 0.000000000000000000e+00 0.000000000000000000e+00 0.000000000000000000e+00 0.000000000000000000e+00
0.000000000000000000e+00 0.000000000000000000e+00 0.000000000000000000e+00 -7.007014681641776654e-02 0.000000000000000000e+00 4.751386888076367110e-02 0.000000000000000000e+00 0.000000000000000000e+00 0.000000000000000000e+00 0.000000000000000000e+00 1.382080224860339837e-02 0.000000000000000000e+00 0.000000000000000000e+00 0.000000000000000000e+00 1.431696350739830315e-01 6.113839329897222813e-02 0.000000000000000000e+00 0.000000000000000000e+00 -4.751386888076369192e-02 0.000000000000000000e+00 9.611699397139036871e-02 0.000000000000000000e+00 -1.724079116145441049e+01 8.178922279518330285e-02 2.424937922117118005e-02 0.000000000000000000e+00 -4.980188754850537608e-02 0.000000000000000000e+00 -8.574627726803453823e-03 -5.268305136990088580e-03 0.000000000000000000e+00 0.000000000000000000e+00 5.101672209374792655e-02 0.000000000000000000e+00 0.000000000000000000e+00 0.000000000000000000e+00 0.000000000000000000e+00 0.000000000000000000e+00 0.000000000000000000e+00 0.000000000000000000e+00 0.000000000000000000e+00 -7.848956460654482603e-02 -1.382080224860340531e-02 0.000000000000000000e+00 0.000000000000000000e+00 0.000000000000000000e+00 0.000000000000000000e+00 0.000000000000000000e+00 0.000000000000000000e+00 0.000000000000000000e+00 0.000000000000000000e+00 -1.471729944525584748e-02 -3.204754358608846807e-03 0.000000000000000000e+00 0.000000000000000000e+00 0.000000000000000000e+00 0.000000000000000000e+00 2.361172737362249308e-02 0.000000000000000000e+00 -1.470652501230285646e-02 7.127453967834412180e-03 0.000000000000000000e+00 0.000000000000000000e+00 0.000000000000000000e+00
0.000000000000000000e+00 0.000000000000000000e+00 0.000000000000000000e+00 -7.007014681641776654e-02 0.000000000000000000e+00 0.000000000000000000e+00 4.751386888076369192e-02 0.000000000000000000e+00 0.000000000000000000e+00 0.000000000000000000e+00 1.382080224860339664e-02 0.000000000000000000e+00 0.000000000000000000e+00 0.000000000000000000e+00 6.113839329897231140e-02 1.431696350739828927e-01 0.000000000000000000e+00 0.000000000000000000e+00 0.000000000000000000e+00 -4.751386888076367110e-02 9.611699397139029932e-02 0.000000000000000000e+00 8.178922279518330285e-02 -1.724079116145442114e+01 0.000000000000000000e+00 2.424937922117118005e-02 0.000000000000000000e+00 -4.980188754850537608e-02 -5.268305136990044345e-03 -8.574627726803453823e-03 0.000000000000000000e+00 0.000000000000000000e+00 0.000000000000000000e+00 5.101672209374792655e-02 0.000000000000000000e+00 0.000000000000000000e+00 0.000000000000000000e+00 0.000000000000000000e+00 0.000000000000000000e+00 0.000000000000000000e+00 0.000000000000000000e+00 -7.848956460654482603e-02 -1.382080224860340184e-02 0.000000000000000000e+00 0.000000000000000000e+00 0.000000000000000000e+00 0.000000000000000000e+00 0.000000000000000000e+00 0.000000000000000000e+00 0.000000000000000000e+00 0.000000000000000000e+00 -3.204754358608858517e-03 -1.471729944525584748e-02 0.000000000000000000e+00 0.000000000000000000e+00 0.000000000000000000e+00 0.000000000000000000e+00 0.000000000000000000e+00 2.361172737362249308e-02 7.127453967834393098e-03 -1.470652501230285819e-02 0.000000000000000000e+00 0.000000000000000000e+00 0.000000000000000000e+00
