-1.902128287129468731e+01 8.326456325269822323e-02 4.980188754850545241e-02 4.980188754850538996e-02 7.704806896467561450e-02 -7.230075149200608509e-02 -7.230075149200605733e-02 -6.113839329897225588e-02
8.326456325269822323e-02 -1.783762380861649888e+01 0.000000000000000000e+00 0.000000000000000000e+00 1.650257544005979682e-01 1.431696350739830870e-01 1.431696350739830037e-01 8.203124177501081027e-02
4.980188754850545241e-02 0.000000000000000000e+00 -1.820782540442198183e+01 2.424937922117108638e-02 5.101672209374780859e-02 0.000000000000000000e+00 0.000000000000000000e+00 0.000000000000000000e+00
4.980188754850538996e-02 0.000000000000000000e+00 2.424937922117108638e-02 -1.820782540442198538e+01 5.101672209374773920e-02 0.000000000000000000e+00 0.000000000000000000e+00 0.000000000000000000e+00
7.704806896467561450e-02 1.650257544005979682e-01 5.101672209374780859e-02 5.101672209374773920e-02 -1.777231905322972239e+01 7.086888358197708515e-02 7.086888358197708515e-02 1.431696350739831702e-01
-7.230075149200608509e-02 1.431696350739830870e-01 0.000000000000000000e+00 0.000000000000000000e+00 7.086888358197708515e-02 -1.734973618946472840e+01 0.000000000000000000e+00 1.650257544005979404e-01
-7.230075149200605733e-02 1.431696350739830037e-01 0.000000000000000000e+00 0.000000000000000000e+00 7.086888358197708515e-02 0.000000000000000000e+00 -1.734973618946472840e+01 1.413261309726943638e-01
-6.113839329897225588e-02 8.203124177501081027e-02 0.000000000000000000e+00 0.000000000000000000e+00 1.431696350739831702e-01 1.650257544005979404e-01 1.413261309726943638e-01 -1.736876193099144317e+01
