-1.902128287129468731e+01 8.326456325269804282e-02 4.980188754850538302e-02 4.980188754850536914e-02 7.704806896467555899e-02 -7.230075149200604345e-02 -7.230075149200598794e-02 -6.113839329897223507e-02 -6.113839329897231140e-02 8.178922279518330285e-02 5.654698698044682836e-02 6.702749466569457581e-12 6.702749466569457581e-12 0.000000000000000000e+00 0.000000000000000000e+00 0.000000000000000000e+00
8.326456325269804282e-02 -1.783762380861649177e+01 0.000000000000000000e+00 0.000000000000000000e+00 1.650257544005977184e-01 1.431696350739830315e-01 1.431696350739828927e-01 8.203124177501081027e-02 8.203124177501081027e-02 1.413261309726944470e-01 0.000000000000000000e+00 -9.529908464965068660e-02 -9.529908464965070047e-02 5.654698698044682836e-02 4.751386888076367110e-02 4.751386888076369192e-02
4.980188754850538302e-02 0.000000000000000000e+00 -1.820782540442198183e+01 2.424937922117117658e-02 5.101672209374793349e-02 0.000000000000000000e+00 0.000000000000000000e+00 0.000000000000000000e+00 0.000000000000000000e+00 0.000000000000000000e+00 1.645809244754672940e-02 -4.751386888076367804e-02 -4.751386888076369192e-02 0.000000000000000000e+00 0.000000000000000000e+00 0.000000000000000000e+00
4.980188754850536914e-02 0.000000000000000000e+00 2.424937922117117658e-02 -1.820782540442198183e+01 5.101672209374792655e-02 0.000000000000000000e+00 0.000000000000000000e+00 0.000000000000000000e+00 0.000000000000000000e+00 0.000000000000000000e+00 1.645809244754672593e-02 -4.751386888076367110e-02 -4.751386888076368498e-02 0.000000000000000000e+00 9.529908464965068660e-02 9.529908464965070047e-02
7.704806896467555899e-02 1.650257544005977184e-01 5.101672209374793349e-02 5.101672209374792655e-02 -1.777231905322971173e+01 7.086888358197693250e-02 7.086888358197693250e-02 1.431696350739830037e-01 1.431696350739828372e-01 0.000000000000000000e+00 1.413261309726944470e-01 9.984071603119981653e-03 9.984071603119981653e-03 8.178922279518330285e-02 0.000000000000000000e+00 0.000000000000000000e+00
-7.230075149200604345e-02 1.431696350739830315e-01 0.000000000000000000e+00 0.000000000000000000e+00 7.086888358197693250e-02 -1.734973618946472129e+01 0.000000000000000000e+00 1.650257544005977461e-01 1.413261309726946413e-01 7.086888358197693250e-02 1.431696350739828927e-01 0.000000000000000000e+00 -2.058671898685859869e-02 -7.230075149200598794e-02 0.000000000000000000e+00 1.382080224860339664e-02
-7.230075149200598794e-02 1.431696350739828927e-01 0.000000000000000000e+00 0.000000000000000000e+00 7.086888358197693250e-02 0.000000000000000000e+00 -1.734973618946472484e+01 1.413261309726945858e-01 1.650257544005977461e-01 7.086888358197693250e-02 1.431696350739830315e-01 -2.058671898685859869e-02 0.000000000000000000e+00 -7.230075149200604345e-02 1.382080224860339837e-02 0.000000000000000000e+00
-6.113839329897223507e-02 8.203124177501081027e-02 0.000000000000000000e+00 0.000000000000000000e+00 1.431696350739830037e-01 1.650257544005977461e-01 1.413261309726945858e-01 -1.736876193099143961e+01 0.000000000000000000e+00 1.431696350739828372e-01 8.203124177501081027e-02 -9.611699397139034096e-02 4.512575516218571975e-02 -6.113839329897231140e-02 0.000000000000000000e+00 0.000000000000000000e+00
-6.113839329897231140e-02 8.203124177501081027e-02 0.000000000000000000e+00 0.000000000000000000e+00 1.431696350739828372e-01 1.413261309726946413e-01 1.650257544005977461e-01 0.000000000000000000e+00 -1.736876193099143961e+01 1.431696350739830037e-01 8.203124177501081027e-02 4.512575516218570587e-02 -9.611699397139039647e-02 -6.113839329897223507e-02 0.000000000000000000e+00 0.000000000000000000e+00
8.178922279518330285e-02 1.413261309726944470e-01 0.000000000000000000e+00 0.000000000000000000e+00 0.000000000000000000e+00 7.086888358197693250e-02 7.086888358197693250e-02 1.431696350739828372e-01 1.431696350739830037e-01 -1.690444379306631362e+01 1.650257544005977184e-01 0.000000000000000000e+00 0.000000000000000000e+00 7.704806896467555899e-02 0.000000000000000000e+00 0.000000000000000000e+00
5.654698698044682836e-02 0.000000000000000000e+00 1.645809244754672940e-02 1.645809244754672593e-02 1.413261309726944470e-01 1.431696350739828927e-01 1.431696350739830315e-01 8.203124177501081027e-02 8.203124177501081027e-02 1.650257544005977184e-01 -1.684509907101338300e+01 5.697042973576176700e-02 5.697042973576178088e-02 8.326456325269804282e-02 0.000000000000000000e+00 0.000000000000000000e+00
6.702749466569457581e-12 -9.529908464965068660e-02 -4.751386888076367804e-02 -4.751386888076367110e-02 9.984071603119981653e-03 0.000000000000000000e+00 -2.058671898685859869e-02 -9.611699397139034096e-02 4.512575516218570587e-02 0.000000000000000000e+00 5.697042973576176700e-02 -1.840509033268535788e+01 7.704806896467562838e-02 0.000000000000000000e+00 1.496894044419242766e-02 0.000000000000000000e+00
6.702749466569457581e-12 -9.529908464965070047e-02 -4.751386888076369192e-02 -4.751386888076368498e-02 9.984071603119981653e-03 -2.058671898685859869e-02 0.000000000000000000e+00 4.512575516218571975e-02 -9.611699397139039647e-02 0.000000000000000000e+00 5.697042973576178088e-02 7.704806896467562838e-02 -1.840509033268535433e+01 0.000000000000000000e+00 0.000000000000000000e+00 1.496894044419242766e-02
0.000000000000000000e+00 5.654698698044682836e-02 0.000000000000000000e+00 0.000000000000000000e+00 8.178922279518330285e-02 -7.230075149200598794e-02 -7.230075149200604345e-02 -6.113839329897231140e-02 -6.113839329897223507e-02 7.704806896467555899e-02 8.326456325269804282e-02 0.000000000000000000e+00 0.000000000000000000e+00 -1.594097650186042792e+01 0.000000000000000000e+00 0.000000000000000000e+00
0.000000000000000000e+00 4.751386888076367110e-02 0.000000000000000000e+00 9.529908464965068660e-02 0.000000000000000000e+00 0.000000000000000000e+00 1.382080224860339837e-02 0.000000000000000000e+00 0.000000000000000000e+00 0.000000000000000000e+00 0.000000000000000000e+00 1.496894044419242766e-02 0.000000000000000000e+00 0.000000000000000000e+00 -1.772492885593265655e+01 7.704806896467562838e-02
0.000000000000000000e+00 4.751386888076369192e-02 0.000000000000000000e+00 9.529908464965070047e-02 0.000000000000000000e+00 1.382080224860339664e-02 0.000000000000000000e+00 0.000000000000000000e+00 0.000000000000000000e+00 0.000000000000000000e+00 0.000000000000000000e+00 0.000000000000000000e+00 1.496894044419242766e-02 0.000000000000000000e+00 7.704806896467562838e-02 -1.772492885593265299e+01
