counts:[1, 2, 3, 4, 5, 6, 7, 8, 9, 10, 11, 12, 13, 14, 15, 16, 17, 18, 19, 20, 21, 22, 23, 24, 25, 26, 27, 28, 29, 30, 31, 32, 33, 34, 35, 36, 37, 38, 39, 40, 41, 42, 43, 44, 45, 46, 47, 48, 49, 50, 51, 52, 53, 54, 55, 56, 57, 58, 59, 60, 61, 62, 63, 64, 65, 66, 67, 68, 69, 70, 71, 72, 73, 74, 75, 76]
 energies:[-7.731959460099725, -7.610162892584263, -7.563735068844025, -7.404332823369067, -7.70123348428093, -7.67815388642096, -7.58734558863525, -7.363227187344412, -7.59621530104703, -7.559731871909433, -7.514220397702324, -7.7289228794329095, -7.721994897714538, -7.737294547049103, -7.717348343553903, -7.733781662638069, -7.740647071448629, -7.7480915641819355, -7.7193935228563575, -7.751112946597402, -7.718076108934566, -7.687353157793217, -7.7259340194376005, -7.732812844369116, -7.717084098420315, -7.683834325650135, -7.724391295156286, -7.712210789963995, -7.7228176897237795, -7.68815708482982, -7.7108988375291645, -7.7105067217468015, -7.695700848627405, -7.713562088361833, -7.7008001166316244, -7.707475063361576, -7.719459918825059, -7.718508164148579, -7.708595818385831, -7.704316169701709, -7.695534999914704, -7.69960543302683, -7.7053098192182485, -7.7081385116132495, -7.714564475687393, -7.713485847601428, -7.702523189105822, -7.70747672914467, -7.691595395629596, -7.70508928363857, -7.696238051516756, -7.670864444824755, -7.701943477738993, -7.711499751904604, -7.7117278833343, -7.695378257052912, -7.689206524316097, -7.702911073691755, -7.70700387217895, -7.712034948094811, -7.698776085118146, -7.698472760082549, -7.686043778404063, -7.6929570889225705, -7.690938329365757, -7.702590854289895, -7.710480454946573, -7.712376240571148, -7.701034840404974, -7.712390266686674, -7.671304941272789, -7.711087934795822, -7.708199097730528, -7.721210432357477, -7.693565486602401, -7.7192150433206095]
 std_values:[0.0019240571392160515, 0.0031109251601381346, 0.0028237600772385617, 0.0031805416942961694, 0.002456238921469024, 0.0027193434120191665, 0.0027318798583481226, 0.0031854356746899063, 0.003177325022271234, 0.0033385651835959526, 0.0033152752695080885, 0.002298730225146976, 0.0020423385499107015, 0.0019186630205234206, 0.0021671787539539033, 0.001992808371642387, 0.002038604158645885, 0.0019273129742257966, 0.0020906960453377305, 0.0019168644340579475, 0.0024046094769808006, 0.0023006114870331713, 0.0022528494071344003, 0.0021455891322040115, 0.002159705487860672, 0.002444776858381375, 0.002124621516175015, 0.00228383397488373, 0.00216526572386977, 0.002434733755999572, 0.0022487959517534717, 0.002204455204729961, 0.0022749107830782474, 0.002219654319611929, 0.002326751134853529, 0.0022708512330262966, 0.002241968528645765, 0.0022243193571671155, 0.0022705583931934845, 0.0022852023767507054, 0.0023381634944252194, 0.002307525844247994, 0.0023384613494182127, 0.0022942997969739795, 0.0022255226417151226, 0.0022208409118861195, 0.0022955110412920493, 0.0022522214860232364, 0.002363509914811815, 0.002284708368691137, 0.0023927849295306814, 0.0025515155154986337, 0.0023274072340530643, 0.002233596237334439, 0.0022550901301263042, 0.0023754957608773685, 0.0023817912762344948, 0.002314087665284012, 0.0023095567140528172, 0.0022913649860268983, 0.0023404817870281, 0.002376301310135908, 0.0024408874625503237, 0.00239620357385325, 0.0024065809467243814, 0.002350467182888912, 0.0022594903957161654, 0.0022486181114238233, 0.0023579844584837566, 0.0022879099730950207, 0.0025226246998594037, 0.0022554995712789753, 0.0022587591331599695, 0.0021305662999359684, 0.00236698243993561, 0.0021757329501659946]
 ci_ground energy:-7.824880010239649