-1.676532039818446052e+01 1.612827361665268577e-01 -9.204923859511177087e-02 -9.204923859511177087e-02 1.808995042651417862e-08 1.808995042651417862e-08 5.696296810093801066e-02 5.694204644178083724e-02 5.694204644178083724e-02 3.175465147303539043e-02 3.175465147303539043e-02 -1.074058675887279435e-07 -1.074058675887279435e-07 0.000000000000000000e+00 0.000000000000000000e+00 0.000000000000000000e+00
1.612827361665268577e-01 -1.658971094221901410e+01 1.049343621361677747e-01 1.049343621361677886e-01 -1.138768060845272989e-01 -1.138768060845272850e-01 0.000000000000000000e+00 0.000000000000000000e+00 0.000000000000000000e+00 -6.029458712207638044e-02 -6.029458712207639431e-02 -1.040456873058835663e-01 -1.040456873058835940e-01 5.696296810093801066e-02 5.694204644178083724e-02 5.694204644178083724e-02
-9.204923859511177087e-02 1.049343621361677747e-01 -1.644793246979081403e+01 0.000000000000000000e+00 0.000000000000000000e+00 -7.392304728242055090e-02 1.049343621361677886e-01 0.000000000000000000e+00 0.000000000000000000e+00 -9.967926377580081654e-02 -9.319474047124874649e-02 -1.014332371298147795e-01 0.000000000000000000e+00 -9.204923859511177087e-02 0.000000000000000000e+00 0.000000000000000000e+00
-9.204923859511177087e-02 1.049343621361677886e-01 0.000000000000000000e+00 -1.644793246979081403e+01 -7.392304728242055090e-02 0.000000000000000000e+00 1.049343621361677747e-01 0.000000000000000000e+00 0.000000000000000000e+00 -9.319474047124873262e-02 -9.967926377580081654e-02 0.000000000000000000e+00 -1.014332371298147795e-01 -9.204923859511177087e-02 0.000000000000000000e+00 0.000000000000000000e+00
1.808995042651417862e-08 -1.138768060845272989e-01 0.000000000000000000e+00 -7.392304728242055090e-02 -1.661156683733133832e+01 9.967926377580081654e-02 5.804145187925421022e-03 -4.181115787136752832e-02 -4.181115787136752832e-02 -2.094524462534463893e-02 0.000000000000000000e+00 1.288512354105599000e-02 -9.204923859511178474e-02 0.000000000000000000e+00 0.000000000000000000e+00 0.000000000000000000e+00
1.808995042651417862e-08 -1.138768060845272850e-01 -7.392304728242055090e-02 0.000000000000000000e+00 9.967926377580081654e-02 -1.661156683733133832e+01 5.804145187925411481e-03 -4.181115787136752832e-02 -4.181115787136752832e-02 0.000000000000000000e+00 -2.094524462534458342e-02 -9.204923859511178474e-02 1.288512354105599000e-02 0.000000000000000000e+00 0.000000000000000000e+00 0.000000000000000000e+00
5.696296810093801066e-02 0.000000000000000000e+00 1.049343621361677886e-01 1.049343621361677747e-01 5.804145187925421022e-03 5.804145187925411481e-03 -1.621926664037125221e+01 1.913142332905179085e-02 1.913142332905179085e-02 -6.029458712207638044e-02 -6.029458712207638738e-02 9.177395398118464928e-03 9.177395398118475336e-03 1.612827361665268577e-01 0.000000000000000000e+00 0.000000000000000000e+00
5.694204644178083724e-02 0.000000000000000000e+00 0.000000000000000000e+00 0.000000000000000000e+00 -4.181115787136752832e-02 -4.181115787136752832e-02 1.913142332905179085e-02 -1.626184050234440903e+01 2.424937922117115230e-02 0.000000000000000000e+00 0.000000000000000000e+00 0.000000000000000000e+00 0.000000000000000000e+00 0.000000000000000000e+00 1.612827361665268577e-01 0.000000000000000000e+00
5.694204644178083724e-02 0.000000000000000000e+00 0.000000000000000000e+00 0.000000000000000000e+00 -4.181115787136752832e-02 -4.181115787136752832e-02 1.913142332905179085e-02 2.424937922117115230e-02 -1.626184050234441258e+01 0.000000000000000000e+00 0.000000000000000000e+00 0.000000000000000000e+00 0.000000000000000000e+00 0.000000000000000000e+00 0.000000000000000000e+00 1.612827361665268577e-01
3.175465147303539043e-02 -6.029458712207638044e-02 -9.967926377580081654e-02 -9.319474047124873262e-02 -2.094524462534463893e-02 0.000000000000000000e+00 -6.029458712207638044e-02 0.000000000000000000e+00 0.000000000000000000e+00 -1.644341527241035550e+01 0.000000000000000000e+00 -6.639423766787055925e-03 0.000000000000000000e+00 3.175465147303539043e-02 0.000000000000000000e+00 0.000000000000000000e+00
3.175465147303539043e-02 -6.029458712207639431e-02 -9.319474047124874649e-02 -9.967926377580081654e-02 0.000000000000000000e+00 -2.094524462534458342e-02 -6.029458712207638738e-02 0.000000000000000000e+00 0.000000000000000000e+00 0.000000000000000000e+00 -1.644341527241035195e+01 0.000000000000000000e+00 -6.639423766787055925e-03 3.175465147303539043e-02 0.000000000000000000e+00 0.000000000000000000e+00
-1.074058675887279435e-07 -1.040456873058835663e-01 -1.014332371298147795e-01 0.000000000000000000e+00 1.288512354105599000e-02 -9.204923859511178474e-02 9.177395398118464928e-03 0.000000000000000000e+00 0.000000000000000000e+00 -6.639423766787055925e-03 0.000000000000000000e+00 -1.652481403593262854e+01 9.319474047124874649e-02 0.000000000000000000e+00 0.000000000000000000e+00 0.000000000000000000e+00
-1.074058675887279435e-07 -1.040456873058835940e-01 0.000000000000000000e+00 -1.014332371298147795e-01 -9.204923859511178474e-02 1.288512354105599000e-02 9.177395398118475336e-03 0.000000000000000000e+00 0.000000000000000000e+00 0.000000000000000000e+00 -6.639423766787055925e-03 9.319474047124874649e-02 -1.652481403593263209e+01 0.000000000000000000e+00 0.000000000000000000e+00 0.000000000000000000e+00
0.000000000000000000e+00 5.696296810093801066e-02 -9.204923859511177087e-02 -9.204923859511177087e-02 0.000000000000000000e+00 0.000000000000000000e+00 1.612827361665268577e-01 0.000000000000000000e+00 0.000000000000000000e+00 3.175465147303539043e-02 3.175465147303539043e-02 0.000000000000000000e+00 0.000000000000000000e+00 -1.609773288062572760e+01 1.913142332905179085e-02 1.913142332905179085e-02
0.000000000000000000e+00 5.694204644178083724e-02 0.000000000000000000e+00 0.000000000000000000e+00 0.000000000000000000e+00 0.000000000000000000e+00 0.000000000000000000e+00 1.612827361665268577e-01 0.000000000000000000e+00 0.000000000000000000e+00 0.000000000000000000e+00 0.000000000000000000e+00 0.000000000000000000e+00 1.913142332905179085e-02 -1.609389638372709896e+01 2.424937922117115230e-02
0.000000000000000000e+00 5.694204644178083724e-02 0.000000000000000000e+00 0.000000000000000000e+00 0.000000000000000000e+00 0.000000000000000000e+00 0.000000000000000000e+00 0.000000000000000000e+00 1.612827361665268577e-01 0.000000000000000000e+00 0.000000000000000000e+00 0.000000000000000000e+00 0.000000000000000000e+00 1.913142332905179085e-02 2.424937922117115230e-02 -1.609389638372709896e+01
