counts:[1, 2, 3, 4, 5, 6, 7, 8, 9, 10, 11, 12, 13, 14, 15, 16, 17, 18, 19, 20, 21]
 energies:[-1.0428894582450325, -0.3649453637968094, -0.6514135669478927, -0.9813744624284217, -0.9628803754270774, -1.0522308456515177, -1.0505285934942263, -1.0496851796243558, -1.0526671614523175, -1.0503841246862862, -1.05210958506635, -1.0522567054266492, -1.0514421783233707, -1.05382865769775, -1.0520608828981233, -1.0512809524882647, -1.053147477278747, -1.0569866761173772, -1.0512164658864604, -1.0543271150408426, -1.055440244422899]
 std_values:[0.001194092592597203, 0.006970394345428648, 0.006962061184153378, 0.004073703456476127, 0.0024014025043475984, 0.0016055177666306727, 0.00235231606385781, 0.002012446583844753, 0.0014345375625672058, 0.0011929495688630942, 0.0013642581761026508, 0.0014829785104646096, 0.00144494690845292, 0.001394070344836535, 0.001483083641930589, 0.001492940525432215, 0.0015336467126583662, 0.001303360976531844, 0.0015116866496529898, 0.001393790883758069, 0.0013676363673532533]
 ci_ground energy:-1.0551597946880176