counts:[1, 2, 3, 4, 5, 6, 7, 8, 9, 10, 11, 12, 13, 14, 15, 16, 17, 18, 19, 20]
 energies:[-0.7900032932557199, -0.5169883502467971, -0.945247200823861, -0.8410591678421642, -0.9276617609122002, -0.9298170124792275, -0.9462225754629636, -0.9442223075528393, -0.949113921768888, -0.9493661142244234, -0.9444767195158001, -0.9489767250813366, -0.9489420906009516, -0.9484679674438445, -0.9475538266622532, -0.942050223613778, -0.9414259638606153, -0.9466174985057021, -0.946155633390009, -0.9481224806385982]
 std_values:[0.0018318594165236141, 0.0012496139006080982, 0.0012080385208823358, 0.0011126128508500291, 0.0008686610239682192, 0.0014393858771456329, 0.0010819225500721462, 0.0009661478346777222, 0.0010082685092206993, 0.000933425113056043, 0.000926536867768632, 0.0009623440091965596, 0.0009234206794896401, 0.0009633307632881754, 0.0009511255877718344, 0.0010158464326432695, 0.0010272358308731078, 0.0009586459076670379, 0.0009733349416692291, 0.0009417177498827116]
 ci_ground energy:-0.9486411121296496