counts:[1, 2, 3, 4, 5, 6, 7, 8, 9, 10, 11, 12, 13, 14, 15, 16, 17, 18, 19, 20, 21, 22, 23, 24, 25, 26, 27, 28, 29, 30, 31, 32, 33, 34, 35, 36, 37, 38, 39, 40, 41]
 energies:[-55.45289259001553, -54.77719569234883, -54.936519343356856, -54.93446115635111, -54.936104192587955, -55.06254647262417, -55.40117062947294, -55.42237493156836, -55.44538122148676, -55.43426250537174, -55.38679535965952, -55.4665448460025, -55.46406054852714, -55.47640268243965, -55.466661911681776, -55.47579978915521, -55.47418682062497, -55.469520422856256, -55.47512333751789, -55.47615298774185, -55.4759467918631, -55.475253680837874, -55.47609896106868, -55.47589159926746, -55.4737959513161, -55.474216543209046, -55.47389452560291, -55.47265477219727, -55.473557336848295, -55.47342247229525, -55.473059672475905, -55.47452615246947, -55.47473910565214, -55.47528287574553, -55.47479624675328, -55.47484150409752, -55.474332737380045, -55.47523514175206, -55.47470851561105, -55.47312404358711, -55.47305008405237]
 std_values:[0.0006448536543099047, 0.0035120669343495846, 0.0024012161172847534, 0.0023997805602420422, 0.0023998101695874205, 0.0028029403194369655, 0.0018199555691277023, 0.0011734980369742555, 0.0007386696454956125, 0.000764893194184718, 0.0009354960247240412, 0.0008313023830624506, 0.001029901575995242, 0.0007698989887290106, 0.0010448368402367185, 0.0008060143182263614, 0.0008373795345434152, 0.0007040844649250781, 0.0008409655140789048, 0.0007864054549998212, 0.0007813171648892862, 0.0007436036827867715, 0.0007775339532286787, 0.000774810813630305, 0.0007853019158802897, 0.0007954373111732951, 0.0007960599888628408, 0.0008092051954039402, 0.000795536537665433, 0.0008030411651548161, 0.0008031404243017749, 0.0007843978615343307, 0.0007850745482135854, 0.0007916873470372738, 0.0007788783777631992, 0.0007852502380410686, 0.0007819917691932507, 0.0007800705875301314, 0.0007839902285989778, 0.0007943063633395665, 0.0008051891367195996]
 ci_ground energy:-55.47759417324355