counts:[1, 2, 3, 4, 5, 6, 7, 8, 9, 10, 11, 12, 13, 14, 15, 16, 17, 18, 19, 20, 21, 22, 23, 24, 25, 26, 27, 28, 29, 30, 31, 32, 33, 34, 35, 36, 37, 38, 39, 40, 41, 42, 43, 44, 45, 46, 47, 48, 49, 50, 51, 52, 53, 54, 55, 56, 57, 58, 59, 60, 61, 62, 63, 64, 65, 66, 67, 68, 69, 70, 71, 72, 73, 74, 75, 76, 77, 78, 79, 80, 81, 82, 83, 84, 85, 86, 87, 88, 89, 90, 91, 92, 93, 94, 95, 96, 97, 98, 99, 100]
 energies:[-7.485944871059226, -7.343865148018787, -7.342957692068214, -7.1131104547882105, -7.461679662241974, -7.461679662241974, -7.343865148018787, -7.1131104547882105, -7.343865148018787, -7.342957692068214, -7.172475054672037, -7.439112434416386, -7.468765277833572, -7.4786162092474955, -7.485738431206976, -7.484847213107817, -7.4773179156884355, -7.4845126855884265, -7.451622077664951, -7.4786162092474955, -7.480766445542376, -7.499872203190255, -7.5007470653353705, -7.501520795874002, -7.496610108734209, -7.500117879450706, -7.5007951246490405, -7.501060345309955, -7.494092856355285, -7.50153795411745, -7.5019211569956665, -7.500532116215555, -7.500098986782841, -7.501157996788852, -7.501782872148955, -7.502093425150101, -7.501007557529044, -7.501890727525713, -7.501973777141822, -7.502458640910166, -7.502559315668997, -7.503334646789326, -7.503400393846188, -7.503339880937406, -7.50194515057975, -7.503320316456079, -7.502193759244276, -7.503281227779191, -7.502125991573307, -7.503447281648879, -7.501976327712595, -7.5032489087927, -7.502634507366776, -7.50321707316906, -7.503101150960483, -7.5034415718424965, -7.503548294124562, -7.503433251245192, -7.503538809577335, -7.503532054724711, -7.503566152107566, -7.503486447489155, -7.503526622696675, -7.503595492295793, -7.503540375386128, -7.503615622915283, -7.5036059120966465, -7.503650205407374, -7.503662280044282, -7.503673495334499, -7.503683606670852, -7.503697955787934, -7.503644420040799, -7.503671802405642, -7.503707519830864, -7.503696590256003, -7.5036796770227445, -7.503720146908246, -7.503685532846206, -7.503712942509877, -7.503585964292983, -7.50372173044718, -7.5037120710024885, -7.503715622550737, -7.503718211396465, -7.503732768479083, -7.503728340987247, -7.503738673535808, -7.503695432152839, -7.503739395056713, -7.503729769574043, -7.503743265359632, -7.503749373585699, -7.503745444276835, -7.5037339337827715, -7.5037393414461215, -7.503742933595379, -7.503751690377761, -7.5037520098674415, -7.503752953304256]
 std_values:[0.0, 0.0, 0.0, 0.0, 0.0, 0.0, 0.0, 0.0, 0.0, 0.0, 0.0, 0.0, 0.0, 0.0, 0.0, 0.0, 0.0, 0.0, 0.0, 0.0, 0.0, 0.0, 0.0, 0.0, 0.0, 0.0, 0.0, 0.0, 0.0, 0.0, 0.0, 0.0, 0.0, 0.0, 0.0, 0.0, 0.0, 0.0, 0.0, 0.0, 0.0, 0.0, 0.0, 0.0, 0.0, 0.0, 0.0, 0.0, 0.0, 0.0, 0.0, 0.0, 0.0, 0.0, 0.0, 0.0, 0.0, 0.0, 0.0, 0.0, 0.0, 0.0, 0.0, 0.0, 0.0, 0.0, 0.0, 0.0, 0.0, 0.0, 0.0, 0.0, 0.0, 0.0, 0.0, 0.0, 0.0, 0.0, 0.0, 0.0, 0.0, 0.0, 0.0, 0.0, 0.0, 0.0, 0.0, 0.0, 0.0, 0.0, 0.0, 0.0, 0.0, 0.0, 0.0, 0.0, 0.0, 0.0, 0.0, 0.0]
 ci_ground energy:-7.503773300609876