counts:[1, 2, 3, 4, 5, 6, 7, 8, 9, 10, 11, 12, 13, 14, 15, 16, 17, 18, 19, 20]
 energies:[-15.560652020434288, -15.20573642152202, -15.369737461392448, -15.529333788369774, -15.519725746141772, -15.553259450453686, -15.547695205846223, -15.562979313931665, -15.563505450817326, -15.567830002034748, -15.551154676975978, -15.54917884394568, -15.564361874464241, -15.566703850690653, -15.561727551774444, -15.566968858621083, -15.564760897931299, -15.567851907142936, -15.557817446584204, -15.563267798737835]
 std_values:[0.0006376435868559627, 0.0035911816173928354, 0.0034831731160999625, 0.002053434537892628, 0.0012258534831245946, 0.001224855728088137, 0.0008603801361012352, 0.0005886464615738105, 0.0006955037478656617, 0.0006323753636467291, 0.0012392473332420125, 0.0012428634675836247, 0.0007169153995374601, 0.0005875179992322929, 0.0008714060878956553, 0.00058739262803644, 0.0007230054819223634, 0.0005869314978424967, 0.0009770468316375673, 0.0008069675845394017]
 ci_ground energy:-15.567106581854128