-8.269643483683637442e+00 5.368664071783126740e-02 6.988891650374742803e-02 6.988891650374740028e-02 1.252684829228334629e-01 -4.877872814001982249e-08 -4.877872814001982249e-08 -3.220762927191866964e-08
5.368664071783126740e-02 -7.865891001126068538e+00 -1.209251695263402621e-01 -1.209251695263402482e-01 5.409410386697564160e-02 1.018672730427824524e-01 1.018672730427824524e-01 -4.468832824632459899e-02
6.988891650374742803e-02 -1.209251695263402621e-01 -7.928174741867868747e+00 5.409410386697563466e-02 -4.345759080657679574e-02 -4.468832824632461287e-02 9.512580849818108586e-02 3.581156754974021417e-02
6.988891650374740028e-02 -1.209251695263402482e-01 5.409410386697563466e-02 -7.928174741867866970e+00 -4.345759080657679574e-02 9.512580849818105810e-02 -4.468832824632460593e-02 -5.165390270029077135e-02
1.252684829228334629e-01 5.409410386697564160e-02 -4.345759080657679574e-02 -4.345759080657679574e-02 -7.841126659379892061e+00 -5.165390270029080605e-02 -5.165390270029077135e-02 4.986746246382167680e-02
-4.877872814001982249e-08 1.018672730427824524e-01 -4.468832824632461287e-02 9.512580849818105810e-02 -5.165390270029080605e-02 -8.198357365127719731e+00 5.368664071783125352e-02 -8.733143727050057814e-03
-4.877872814001982249e-08 1.018672730427824524e-01 9.512580849818108586e-02 -4.468832824632460593e-02 -5.165390270029077135e-02 5.368664071783125352e-02 -8.198357365127723284e+00 6.988891650374741416e-02
-3.220762927191866964e-08 -4.468832824632459899e-02 3.581156754974021417e-02 -5.165390270029077135e-02 4.986746246382167680e-02 -8.733143727050057814e-03 6.988891650374741416e-02 -8.073609399358513627e+00
