counts:[1, 2, 3, 4, 5, 6, 7, 8, 9, 10, 11, 12, 13, 14, 15, 16, 17, 18, 19, 20, 21, 22, 23, 24, 25, 26, 27, 28, 29, 30, 31, 32, 33, 34, 35, 36, 37, 38, 39, 40, 41, 42, 43, 44, 45, 46, 47, 48, 49, 50, 51, 52, 53, 54, 55, 56, 57, 58, 59, 60, 61, 62, 63, 64, 65, 66, 67, 68, 69, 70, 71, 72, 73, 74, 75, 76, 77, 78, 79, 80, 81, 82, 83, 84, 85, 86, 87, 88, 89, 90, 91, 92, 93, 94, 95, 96, 97, 98, 99, 100]
 energies:[-7.722218782990534, -7.584923090977561, -7.705833791874536, -7.5842409899388095, -7.677160601824566, -7.705833791874538, -7.584923090977561, -7.5842409899388095, -7.584923090977561, -7.518314891285499, -7.763988454853219, -7.566617570367923, -7.769084136174213, -7.727474640838146, -7.742661745031066, -7.769084136174211, -7.7833228291617935, -7.778070768494311, -7.770764550391974, -7.782888236026487, -7.7736849549032865, -7.7696175891947306, -7.768377092914413, -7.770524254358941, -7.778585401728472, -7.7812001136322255, -7.783322829161797, -7.790123718337449, -7.791648598005894, -7.7974221962178945, -7.79230634606296, -7.796753567779424, -7.790602418941125, -7.795282167060321, -7.795701112599698, -7.797537929549087, -7.797347764460442, -7.7939536672973855, -7.795844207830946, -7.796617914261798, -7.79761783247219, -7.798726422759545, -7.798498757376752, -7.798707604633574, -7.79630600430373, -7.797491123024193, -7.798285605968282, -7.799856110524578, -7.799720114492535, -7.7997168287108085, -7.800185114679868, -7.800857103743224, -7.800238742052098, -7.8006257159287475, -7.800653974062286, -7.800827197761478, -7.8008791738467025, -7.800487332535903, -7.800578690450653, -7.80104953409694, -7.80092313788041, -7.800978583337335, -7.800943333778772, -7.8010024401743845, -7.800962851264593, -7.801309504885818, -7.8012901533753904, -7.801284095708523, -7.801464636814828, -7.801516685066721, -7.801465506685554, -7.801586581225996, -7.801541419819937, -7.801648405571187, -7.801448384863834, -7.801607217888529, -7.8016431265086545, -7.801575572245362, -7.801660725628446, -7.80160810953501, -7.801659676566359, -7.801665940622115, -7.801668638421157, -7.801693568628169, -7.80167575565757, -7.801669257216551, -7.801617997952851, -7.801704977131321, -7.801710717930963, -7.801700272649343, -7.801718673390727, -7.8017082863621745, -7.801707579537673, -7.801726876228974, -7.801742403905724, -7.801737717066617, -7.801747424853692, -7.801732762783118, -7.801746318672091, -7.8017613574135485]
 std_values:[0.0, 0.0, 0.0, 0.0, 0.0, 0.0, 0.0, 0.0, 0.0, 0.0, 0.0, 0.0, 0.0, 0.0, 0.0, 0.0, 0.0, 0.0, 0.0, 0.0, 0.0, 0.0, 0.0, 0.0, 0.0, 0.0, 0.0, 0.0, 0.0, 0.0, 0.0, 0.0, 0.0, 0.0, 0.0, 0.0, 0.0, 0.0, 0.0, 0.0, 0.0, 0.0, 0.0, 0.0, 0.0, 0.0, 0.0, 0.0, 0.0, 0.0, 0.0, 0.0, 0.0, 0.0, 0.0, 0.0, 0.0, 0.0, 0.0, 0.0, 0.0, 0.0, 0.0, 0.0, 0.0, 0.0, 0.0, 0.0, 0.0, 0.0, 0.0, 0.0, 0.0, 0.0, 0.0, 0.0, 0.0, 0.0, 0.0, 0.0, 0.0, 0.0, 0.0, 0.0, 0.0, 0.0, 0.0, 0.0, 0.0, 0.0, 0.0, 0.0, 0.0, 0.0, 0.0, 0.0, 0.0, 0.0, 0.0, 0.0]
 ci_ground energy:-7.80179543617418