-1.020347335933859156e+01 4.028695649681780788e-02 4.028695649681791890e-02 -2.157756001652799682e-08 -2.157756001652799682e-08 1.078761558341139182e-01 1.393665584668544490e-02 -2.531336593010560104e-02
4.028695649681780788e-02 -9.862045239935653740e+00 1.686913951369107059e-02 2.213769004118435607e-02 2.213769004118435954e-02 9.737174203489748839e-03 3.647617846737685049e-02 -2.109312647804411148e-03
4.028695649681791890e-02 1.686913951369107059e-02 -9.862045239935657293e+00 2.213769004118441158e-02 2.213769004118441505e-02 9.737174203489778329e-03 3.647617846737695457e-02 -2.109312647804416786e-03
-2.157756001652799682e-08 2.213769004118435607e-02 2.213769004118441158e-02 -1.015561590575383732e+01 1.393665584668538418e-02 -3.031175700090315769e-02 3.676263312353722501e-02 1.174692924670643623e-02
-2.157756001652799682e-08 2.213769004118435954e-02 2.213769004118441505e-02 1.393665584668538418e-02 -1.015561590575383732e+01 -3.031175700090349423e-02 3.676263312353722501e-02 -5.704792876324626949e-02
1.078761558341139182e-01 9.737174203489748839e-03 9.737174203489778329e-03 -3.031175700090315769e-02 -3.031175700090349423e-02 -8.844002919146841890e+00 2.765537021331123183e-02 1.573554582060265883e-03
1.393665584668544490e-02 3.647617846737685049e-02 3.647617846737695457e-02 3.676263312353722501e-02 3.676263312353722501e-02 2.765537021331123183e-02 -9.858376383955535616e+00 8.044800046899971968e-02
-2.531336593010560104e-02 -2.109312647804411148e-03 -2.109312647804416786e-03 1.174692924670643623e-02 -5.704792876324626949e-02 1.573554582060265883e-03 8.044800046899971968e-02 -9.502972747900463091e+00
