counts:[1, 2, 3, 4, 5, 6, 7, 8, 9, 10, 11, 12, 13, 14, 15, 16, 17, 18, 19, 20, 21]
 energies:[-0.9738329986356882, -0.6324025882902056, -0.9947812606741524, -0.8674876524700719, -1.0255286437992182, -1.0362961388564598, -1.017643593947209, -1.0276940191319939, -1.037175317477835, -1.0356592654200096, -1.034460712331649, -1.0351313576389727, -1.0411705493939687, -1.0363985390219197, -1.0359872645370565, -1.0342221860268161, -1.0329655321933968, -1.0303872190180143, -1.0363982908232066, -1.0378975901520568, -1.0343777956307298]
 std_values:[0.0015360535880533908, 0.0022078405414158826, 0.002225192108389557, 0.0024431272370983893, 0.002022276867078177, 0.0017865056747872594, 0.0015885682322575557, 0.0016826512651160763, 0.0018326395473334406, 0.0018876673432096553, 0.0018688621344518177, 0.0018236263422242213, 0.0018094329995948233, 0.0018471814660273758, 0.0018535521206950645, 0.0018449580213787313, 0.0018652034178571664, 0.0018745647212654727, 0.0018394781520163523, 0.0018292677737274648, 0.0018500364162152383]
 ci_ground energy:-1.0351862663067573