counts:[1, 2, 3, 4, 5, 6, 7, 8, 9, 10, 11, 12, 13, 14, 15, 16, 17, 18, 19, 20, 21, 22, 23, 24, 25, 26, 27, 28, 29, 30, 31, 32, 33, 34, 35, 36, 37, 38, 39, 40, 41, 42, 43, 44, 45, 46, 47, 48, 49, 50, 51, 52, 53, 54, 55, 56, 57, 58, 59, 60, 61, 62, 63, 64, 65, 66, 67, 68, 69, 70, 71, 72, 73, 74, 75, 76, 77, 78, 79, 80, 81, 82, 83, 84, 85, 86, 87, 88, 89, 90, 91, 92, 93, 94, 95, 96, 97, 98, 99, 100]
 energies:[-7.631193460613523, -7.515432011630934, -7.6236659754337515, -7.476291138822391, -7.604952235342753, -7.604952235342753, -7.515432011630934, -7.476291138822391, -7.515432011630934, -7.6236659754337515, -7.7514040720268325, -7.644956098780377, -7.726562584349108, -7.652608078273944, -7.765196801868217, -7.74741435890201, -7.7458532513683584, -7.764672310422587, -7.732903322203428, -7.753644682434813, -7.752378088860534, -7.760967928406653, -7.765692225464536, -7.766890261988302, -7.768694564213278, -7.76077596617741, -7.767654865108928, -7.767162634877587, -7.770801407408997, -7.771706575294094, -7.769432490713739, -7.764402948469033, -7.767577551210343, -7.774369317680224, -7.769420928728922, -7.773208834479651, -7.761624711110506, -7.774709296921125, -7.77511635008424, -7.774853758746912, -7.7755558102845415, -7.776593413780398, -7.776723360798939, -7.777303291511514, -7.776277767262338, -7.77458172865182, -7.778313648409276, -7.778250921658569, -7.778591378179846, -7.778970357418616, -7.778974243759804, -7.779443186510968, -7.7789826557461845, -7.778180532159756, -7.7796108295137865, -7.779017341831596, -7.779317076031481, -7.778026077752673, -7.779147097053806, -7.779456268734905, -7.778609846509785, -7.779513583978457, -7.780050923629285, -7.77971725024103, -7.7797815314597125, -7.780829634570183, -7.780996007426688, -7.780900957593668, -7.781442353642833, -7.781690922919998, -7.781188302391834, -7.781756281625772, -7.782285811539219, -7.781707006483466, -7.782123318868698, -7.782086058282686, -7.782262116602269, -7.782272616603973, -7.781929957840579, -7.782411194967005, -7.78208338543102, -7.782442180150038, -7.782777121864673, -7.78276413556038, -7.782775910590316, -7.782736210123612, -7.7827358229341135, -7.782878536517791, -7.782823751513582, -7.782815945622791, -7.782986712559709, -7.783065905670143, -7.782945523262373, -7.783043398641879, -7.78309049717702, -7.782987217168013, -7.78307233379419, -7.783027615706735, -7.783068451727924, -7.783061061394441]
 std_values:[0.0, 0.0, 0.0, 0.0, 0.0, 0.0, 0.0, 0.0, 0.0, 0.0, 0.0, 0.0, 0.0, 0.0, 0.0, 0.0, 0.0, 0.0, 0.0, 0.0, 0.0, 0.0, 0.0, 0.0, 0.0, 0.0, 0.0, 0.0, 0.0, 0.0, 0.0, 0.0, 0.0, 0.0, 0.0, 0.0, 0.0, 0.0, 0.0, 0.0, 0.0, 0.0, 0.0, 0.0, 0.0, 0.0, 0.0, 0.0, 0.0, 0.0, 0.0, 0.0, 0.0, 0.0, 0.0, 0.0, 0.0, 0.0, 0.0, 0.0, 0.0, 0.0, 0.0, 0.0, 0.0, 0.0, 0.0, 0.0, 0.0, 0.0, 0.0, 0.0, 0.0, 0.0, 0.0, 0.0, 0.0, 0.0, 0.0, 0.0, 0.0, 0.0, 0.0, 0.0, 0.0, 0.0, 0.0, 0.0, 0.0, 0.0, 0.0, 0.0, 0.0, 0.0, 0.0, 0.0, 0.0, 0.0, 0.0, 0.0]
 ci_ground energy:-7.783522444889399