counts:[1, 2, 3, 4, 5, 6, 7, 8, 9, 10, 11, 12, 13, 14, 15, 16, 17, 18, 19, 20, 21, 22, 23, 24, 25, 26, 27, 28, 29, 30, 31, 32, 33, 34, 35, 36, 37, 38, 39, 40, 41, 42, 43, 44, 45, 46, 47, 48, 49, 50, 51, 52, 53, 54, 55, 56, 57, 58, 59, 60, 61, 62, 63, 64, 65, 66, 67, 68, 69, 70, 71, 72, 73, 74, 75, 76, 77, 78, 79, 80, 81, 82, 83, 84, 85, 86, 87, 88, 89, 90, 91, 92, 93, 94, 95, 96, 97, 98, 99, 100]
 energies:[-7.028410095318591, -6.916032930759648, -6.625162726933285, -6.916032930759648, -6.888701300368568, -6.937362661880618, -7.017410132945516, -6.916032930759648, -6.916032930759648, -7.017410132945516, -6.866041174988105, -7.015126359636586, -7.008390019392879, -7.027145402542647, -7.016947431002933, -7.030251570514949, -7.028966702280641, -7.02863968925684, -7.022733228920597, -7.029399973246845, -7.022248630041954, -7.040854203586816, -7.044160416427324, -7.040624694033234, -7.043886378385322, -7.042892608859848, -7.041496288801868, -7.0446206590117075, -7.0442452514101035, -7.046196267819791, -7.046265244403401, -7.043907661957903, -7.046122763057081, -7.04501806849178, -7.0460255951080715, -7.045798889380881, -7.045540250932067, -7.046199260202247, -7.045610920976605, -7.045852083062627, -7.0463969189115385, -7.046470554429595, -7.046521953444884, -7.0465059761077296, -7.046293276238771, -7.046595954189714, -7.046600046645731, -7.046622973113218, -7.046448684838843, -7.046600680713517, -7.046535423543045, -7.046477557060879, -7.046570437722551, -7.046601723633481, -7.0466510290934234, -7.0466316435451475, -7.046633636414896, -7.046630529759691, -7.0466289149933985, -7.046662132489704, -7.046602946861288, -7.046654670095643, -7.046654060859748, -7.046668158757768, -7.046666671631385, -7.046666266885831, -7.0466546161063786, -7.046676062447531, -7.046671994977421, -7.0466822406864775, -7.046669943167002, -7.046680646075254, -7.046683927602425, -7.046681865607038, -7.046674813291771, -7.046686225066704, -7.046672552034176, -7.04668679669269, -7.046681902637124, -7.046686207295203, -7.046690125400648, -7.046689004908581, -7.046691032261837, -7.046688511921271, -7.046693155407011, -7.046695108071399, -7.046695724610268, -7.04669425214551, -7.046694160842353, -7.046695719381827, -7.046695570987138, -7.046694735005584, -7.046692875037989, -7.046694570547357, -7.046695272241248, -7.046695889609156, -7.046695968503634, -7.046695843668564, -7.046695890992412, -7.04669576527731]
 std_values:[0.0, 0.0, 0.0, 0.0, 0.0, 0.0, 0.0, 0.0, 0.0, 0.0, 0.0, 0.0, 0.0, 0.0, 0.0, 0.0, 0.0, 0.0, 0.0, 0.0, 0.0, 0.0, 0.0, 0.0, 0.0, 0.0, 0.0, 0.0, 0.0, 0.0, 0.0, 0.0, 0.0, 0.0, 0.0, 0.0, 0.0, 0.0, 0.0, 0.0, 0.0, 0.0, 0.0, 0.0, 0.0, 0.0, 0.0, 0.0, 0.0, 0.0, 0.0, 0.0, 0.0, 0.0, 0.0, 0.0, 0.0, 0.0, 0.0, 0.0, 0.0, 0.0, 0.0, 0.0, 0.0, 0.0, 0.0, 0.0, 0.0, 0.0, 0.0, 0.0, 0.0, 0.0, 0.0, 0.0, 0.0, 0.0, 0.0, 0.0, 0.0, 0.0, 0.0, 0.0, 0.0, 0.0, 0.0, 0.0, 0.0, 0.0, 0.0, 0.0, 0.0, 0.0, 0.0, 0.0, 0.0, 0.0, 0.0, 0.0]
 ci_ground energy:-7.046699820649353