counts:[1, 2, 3, 4, 5, 6, 7, 8, 9, 10, 11, 12, 13, 14, 15, 16, 17, 18, 19, 20, 21, 22, 23]
 energies:[-1.0429962747511714, -0.36481615948957713, -0.6490149531056104, -0.981198746744546, -0.9649640448194845, -1.0549513628303189, -1.0485223706862012, -1.0540353338616708, -1.053683707081669, -1.055153820948526, -1.0550686099202513, -1.0551471744235552, -1.055130174670898, -1.0551589017249545, -1.055159487561567, -1.05515557845613, -1.0551580948760748, -1.0551597625034368, -1.055159756511279, -1.0551597946241127, -1.055159756511279, -1.0551597875053054, -1.0551597899596932]
 std_values:[0.0, 0.0, 0.0, 0.0, 0.0, 0.0, 0.0, 0.0, 0.0, 0.0, 0.0, 0.0, 0.0, 0.0, 0.0, 0.0, 0.0, 0.0, 0.0, 0.0, 0.0, 0.0, 0.0]
 ci_ground energy:-1.0551597946880176