counts:[1, 2, 3, 4, 5, 6, 7, 8, 9, 10, 11, 12, 13, 14, 15, 16, 17, 18, 19, 20, 21, 22, 23]
 energies:[-0.9108735543822681, -0.5990305726158827, -0.9853262330227013, -0.7539371591512871, -0.8998964055802849, -0.9980555067412202, -0.9893104402512392, -0.9963645857785346, -0.9968782228706872, -0.9981384605748707, -0.9978840712264974, -0.9981391542142986, -0.9981078723230494, -0.998146888129033, -0.9981493505056815, -0.9981465413066732, -0.9981486048523407, -0.9981492291216445, -0.9981492876449938, -0.9981493510478487, -0.9981493453252626, -0.9981493533156507, -0.9981493521286691]
 std_values:[0.0, 0.0, 0.0, 0.0, 0.0, 0.0, 0.0, 0.0, 0.0, 0.0, 0.0, 0.0, 0.0, 0.0, 0.0, 0.0, 0.0, 0.0, 0.0, 0.0, 0.0, 0.0, 0.0]
 ci_ground energy:-0.9981493533579175