counts:[1, 2, 3, 4, 5, 6, 7, 8, 9, 10, 11, 12, 13, 14, 15, 16, 17, 18, 19]
 energies:[-0.849924507307106, -0.5611279404013118, -0.9676404255500421, -0.80254935746559, -0.918699054977077, -0.968106735293115, -0.959877163287467, -0.9730646368181426, -0.9698369335397974, -0.9717859990886588, -0.9711977468895805, -0.9721960933741545, -0.9710630642381608, -0.9714705949290812, -0.9703793278119708, -0.9709590294427268, -0.969382875969375, -0.9710309505863082, -0.9683541889669192]
 std_values:[0.0017167214078740187, 0.001488567532376624, 0.0014828494892803552, 0.0014286360771456506, 0.001361444426670889, 0.0015545317924078761, 0.0015983240840179956, 0.0015197547769810157, 0.0015211786921566438, 0.0015171781944181583, 0.0015323785723982061, 0.0015196007995457869, 0.0015293066885112743, 0.0015284994323710068, 0.0015332140524858108, 0.0015308977713667125, 0.0015383617894943696, 0.0015282227522036046, 0.0015417076293305838]
 ci_ground energy:-0.9714266883717309