counts:[1, 2, 3, 4, 5, 6, 7, 8, 9, 10, 11, 12, 13, 14, 15, 16, 17, 18, 19, 20, 21, 22, 23, 24, 25, 26, 27, 28, 29, 30, 31, 32, 33, 34, 35, 36, 37, 38, 39, 40, 41, 42, 43, 44, 45, 46, 47, 48, 49, 50, 51, 52, 53, 54, 55]
 energies:[-55.45416453231136, -54.77344285761564, -54.9353699418568, -54.93536992806815, -54.9353699418568, -55.0626083665834, -55.40223267850147, -55.4219282271329, -55.447638949247754, -55.43377780498725, -55.38400758889261, -55.472036993829995, -55.46376867203278, -55.47489864864142, -55.466303527679464, -55.47607987609326, -55.474364995297655, -55.47368207313696, -55.47713238589129, -55.47609298701838, -55.47634697480347, -55.476472605247004, -55.47580533351776, -55.47746652532266, -55.47758677428639, -55.477556575728265, -55.47736136409274, -55.47752667996799, -55.47755597809809, -55.47757079864302, -55.477588800426396, -55.47759203103957, -55.4775927706881, -55.4775927028983, -55.477589844005216, -55.47759060301315, -55.477593609875335, -55.477591451318666, -55.477594016658394, -55.477591817432234, -55.477593784346915, -55.47759411363608, -55.477593806891086, -55.477593911652384, -55.47759411973839, -55.47759395920354, -55.47759415791386, -55.47759413497467, -55.47759412783754, -55.477594164477075, -55.47759414694139, -55.47759416369748, -55.47759416658639, -55.47759415954406, -55.47759416816594]
 std_values:[0.0, 0.0, 0.0, 0.0, 0.0, 0.0, 0.0, 0.0, 0.0, 0.0, 0.0, 0.0, 0.0, 0.0, 0.0, 0.0, 0.0, 0.0, 0.0, 0.0, 0.0, 0.0, 0.0, 0.0, 0.0, 0.0, 0.0, 0.0, 0.0, 0.0, 0.0, 0.0, 0.0, 0.0, 0.0, 0.0, 0.0, 0.0, 0.0, 0.0, 0.0, 0.0, 0.0, 0.0, 0.0, 0.0, 0.0, 0.0, 0.0, 0.0, 0.0, 0.0, 0.0, 0.0, 0.0]
 ci_ground energy:-55.47759417324355