counts:[1, 2, 3, 4, 5, 6, 7, 8, 9, 10, 11, 12, 13, 14, 15, 16, 17, 18, 19, 20, 21, 22, 23, 24, 25, 26, 27, 28, 29, 30, 31, 32, 33, 34, 35, 36, 37, 38, 39, 40, 41, 42, 43, 44, 45, 46, 47, 48, 49, 50, 51, 52, 53, 54, 55, 56, 57, 58, 59, 60, 61, 62, 63, 64, 65, 66, 67, 68, 69, 70, 71, 72, 73, 74, 75, 76, 77, 78, 79, 80, 81, 82, 83, 84, 85, 86, 87, 88, 89, 90, 91, 92, 93, 94, 95, 96, 97, 98, 99, 100]
 energies:[-7.80874317666667, -7.644965110099166, -7.6355442966786455, -7.420601461855668, -7.771397415285337, -7.771397415285339, -7.644965110099166, -7.420601461855668, -7.644965110099166, -7.6355442966786455, -7.465226099279748, -7.747289504730336, -7.798095649165363, -7.814636205039077, -7.80272547908009, -7.813785624799733, -7.816189370626141, -7.812099971154497, -7.78788552958617, -7.814009903471256, -7.797985070784815, -7.805327817692728, -7.81334048958389, -7.816325822624638, -7.815142709770997, -7.817677638786371, -7.819993686393248, -7.82011713887775, -7.8152973150538045, -7.816248166836768, -7.822950918545573, -7.818191612370738, -7.822766818021588, -7.820769412086845, -7.8235046179729935, -7.82337892791867, -7.822601169550849, -7.824025351005806, -7.824003107983552, -7.823531691850954, -7.823617721634653, -7.82387383992441, -7.823610716381456, -7.823939698203414, -7.824046182389852, -7.823967034043591, -7.82401545991487, -7.824224029718366, -7.824330328756581, -7.823862325716089, -7.8238774929471155, -7.824554452414953, -7.824008898868604, -7.824391827267075, -7.824555337497014, -7.8245326672000886, -7.8245085543988, -7.824571198301527, -7.824122642006408, -7.82458669907596, -7.8240320054295704, -7.824584441823211, -7.824621817340063, -7.824715766477331, -7.824756943731771, -7.824752685935296, -7.824737653413534, -7.8246737196949265, -7.824724695242365, -7.824753273461294, -7.824736723410412, -7.824714783946709, -7.824750929167305, -7.8248012394734054, -7.824714169136593, -7.824790761205335, -7.824760953716835, -7.82479277948223, -7.824806997578921, -7.824807703964158, -7.82480234185927, -7.824779292113588, -7.8248109605699945, -7.824797463968393, -7.824804929407254, -7.824810598991197, -7.8248111630520665, -7.82482127806248, -7.824832414901472, -7.824831257207892, -7.824832059764461, -7.824832789110944, -7.824837242500779, -7.824844752278548, -7.824845959126204, -7.824842025877782, -7.824846450537038, -7.82484946634926, -7.824851072259847, -7.824849855177627]
 std_values:[0.0, 0.0, 0.0, 0.0, 0.0, 0.0, 0.0, 0.0, 0.0, 0.0, 0.0, 0.0, 0.0, 0.0, 0.0, 0.0, 0.0, 0.0, 0.0, 0.0, 0.0, 0.0, 0.0, 0.0, 0.0, 0.0, 0.0, 0.0, 0.0, 0.0, 0.0, 0.0, 0.0, 0.0, 0.0, 0.0, 0.0, 0.0, 0.0, 0.0, 0.0, 0.0, 0.0, 0.0, 0.0, 0.0, 0.0, 0.0, 0.0, 0.0, 0.0, 0.0, 0.0, 0.0, 0.0, 0.0, 0.0, 0.0, 0.0, 0.0, 0.0, 0.0, 0.0, 0.0, 0.0, 0.0, 0.0, 0.0, 0.0, 0.0, 0.0, 0.0, 0.0, 0.0, 0.0, 0.0, 0.0, 0.0, 0.0, 0.0, 0.0, 0.0, 0.0, 0.0, 0.0, 0.0, 0.0, 0.0, 0.0, 0.0, 0.0, 0.0, 0.0, 0.0, 0.0, 0.0, 0.0, 0.0, 0.0, 0.0]
 ci_ground energy:-7.824880010239648