counts:[1, 2, 3, 4, 5, 6, 7, 8, 9, 10, 11, 12, 13, 14, 15, 16, 17, 18, 19, 20]
 energies:[-0.5838392989114845, 0.30238725379557563, 0.015610921665662136, -0.45206565491250594, -0.5048028663978605, -0.6001675449830464, -0.5846351765585218, -0.5872817457460606, -0.6057046258742311, -0.5994339195583265, -0.6023795155080076, -0.6002726079981098, -0.5997371727048357, -0.5991824925711431, -0.5974720744068971, -0.5960789989676705, -0.5946314877967043, -0.604962288799139, -0.6064533585694709, -0.6026719047866911]
 std_values:[0.0015826114197997614, 0.009720772308390468, 0.009651648297128557, 0.005816750880427322, 0.00307034151058253, 0.0018561381348531918, 0.0030287393191204904, 0.0026224356217176797, 0.0013738758097090998, 0.0014540427267521736, 0.0015260211674510177, 0.0016958802245390526, 0.0016307505873109924, 0.0017281178917390252, 0.0016971137380196615, 0.0018434455084017831, 0.0018804413826706624, 0.0014976359479386854, 0.0013534402076078563, 0.0014897369793994309]
 ci_ground energy:-0.6018037114169312