counts:[1, 2, 3, 4, 5, 6, 7, 8, 9, 10, 11, 12, 13, 14, 15, 16, 17, 18, 19, 20]
 energies:[-1.123491119834655, -0.6068675959175724, -0.8589629368289009, -1.0931940283369366, -1.0581742965990308, -1.1354980120344624, -1.1320548660352094, -1.1392228928366128, -1.1336263562496391, -1.1350489511608723, -1.137508787004077, -1.1357620952204028, -1.134200569261938, -1.138793400597515, -1.1331692406007676, -1.1414906385650312, -1.1378147317176128, -1.1385379971250085, -1.1384307259230997, -1.1379036888034806]
 std_values:[0.0012649798621053967, 0.004949045330835637, 0.005156715757421171, 0.0031994220294816827, 0.001776752718309579, 0.0015303340685187327, 0.002051178215101068, 0.0017214943153798096, 0.0020238093176732776, 0.0018678376953758882, 0.0016832373648244922, 0.0017848046865638705, 0.0018134337677489993, 0.0017599273521388618, 0.0018313459616677845, 0.0016813440387433922, 0.0017184189697682629, 0.0017655203736771324, 0.0017479913379921381, 0.0017476217899230894]
 ci_ground energy:-1.1361894540879058