counts:[1, 2, 3, 4, 5, 6, 7, 8, 9, 10, 11, 12, 13, 14, 15, 16, 17, 18]
 energies:[-0.8273421572094348, -0.5447013203749091, -0.9621069999083416, -0.8212050874520997, -0.9237045375881976, -0.9517145842705832, -0.9622073335719552, -0.9576541595662735, -0.9615037715698267, -0.9609508546832501, -0.9581841807548461, -0.9606444846017548, -0.9582168289609578, -0.9576867154266968, -0.9606696774321462, -0.9572464566333507, -0.955883353098419, -0.9583789663770736]
 std_values:[0.0017537126485227476, 0.0013645793499493367, 0.0013652068909721516, 0.0012886053608610478, 0.0011707274404168142, 0.00152095898825964, 0.0012726969400354688, 0.0012532962910180323, 0.0013039774483245216, 0.0012657257194709636, 0.001304815830297236, 0.0012866561592177216, 0.001308635720369068, 0.0013087449974444221, 0.0012882845563001394, 0.0013033985993864525, 0.0013170807688377975, 0.001298176748042834]
 ci_ground energy:-0.961816952720407