counts:[1, 2, 3, 4, 5, 6, 7, 8, 9, 10, 11, 12, 13, 14, 15, 16, 17, 18, 19, 20, 21, 22, 23, 24, 25, 26, 27, 28, 29, 30, 31, 32, 33, 34, 35, 36, 37, 38, 39, 40]
 energies:[-227.8843521315543, -227.73032449806772, -227.67159345637987, -227.66991350567253, -227.66821981447134, -227.8181696638315, -227.9099896802502, -227.9212465450217, -227.9093611921051, -227.88885827471466, -227.85775814404707, -227.9117293020547, -227.91988123472026, -227.92060249222163, -227.91471097842305, -227.9195884528575, -227.92068212761524, -227.9201547388792, -227.91930423216945, -227.9208273860051, -227.92034968876476, -227.91919527412858, -227.91989110967586, -227.92042945112695, -227.91938785064428, -227.91857133492698, -227.91974241048814, -227.92192846295137, -227.92063364551302, -227.9199004234946, -227.9196686058536, -227.9201146872419, -227.9198224537721, -227.91941398925843, -227.92056635424774, -227.92040519615927, -227.9201918076991, -227.92029584073254, -227.92067983847573, -227.91925472159704]
 std_values:[0.00045018322122180546, 0.0007527778563619881, 0.0008329619661470455, 0.0008362657923077434, 0.0008382557228060575, 0.0009041242311919633, 0.0006669151271245985, 0.0006341818945982321, 0.0006523766134901701, 0.000743957253034755, 0.0008229228763180446, 0.0005367674344938208, 0.0006374577011690559, 0.0006360723130139763, 0.000689176526016948, 0.000639828074375734, 0.0006057736572156947, 0.0006441671197305813, 0.0006398763500458505, 0.0006356910152957945, 0.0006327762730098217, 0.0006414659361357792, 0.000639053319311319, 0.000639008791622932, 0.0006388667512136757, 0.0006417368379594602, 0.0006382941407139445, 0.0006320468283059271, 0.000634016198063042, 0.0006364548776447063, 0.0006371922437723646, 0.0006368551348673929, 0.0006378762077589818, 0.0006381959334713831, 0.0006356067693586102, 0.000635551538565641, 0.0006356307587817062, 0.0006390333446029661, 0.0006373125141396203, 0.0006374939252400402]
 ci_ground energy:-227.9217085751065