counts:[1, 2, 3, 4, 5, 6, 7, 8, 9, 10, 11, 12, 13, 14, 15, 16, 17, 18, 19, 20, 21, 22]
 energies:[-0.9731106155813924, -0.6318470411250205, -0.9960650669519591, -0.8672605711849897, -1.0277356168475797, -1.034483833029816, -1.0158901441009098, -1.0283190331566592, -1.0351832672038017, -1.0342883440802313, -1.0349350277672564, -1.0351578793703695, -1.0351585814022646, -1.0351862652079773, -1.035183033188409, -1.035185427950307, -1.0351860997714968, -1.035186201909857, -1.0351862603529458, -1.0351862601711155, -1.0351862661619249, -1.0351862630329591]
 std_values:[0.0, 0.0, 0.0, 0.0, 0.0, 0.0, 0.0, 0.0, 0.0, 0.0, 0.0, 0.0, 0.0, 0.0, 0.0, 0.0, 0.0, 0.0, 0.0, 0.0, 0.0, 0.0]
 ci_ground energy:-1.0351862663067573