counts=[1, 2, 3, 4, 5, 6, 7, 8, 9, 10, 11, 12, 13, 14, 15, 16, 17, 18, 19, 20, 21, 22, 23, 24, 25, 26, 27, 28, 29, 30, 31, 32, 33, 34, 35, 36, 37, 38, 39, 40, 41, 42, 43, 44, 45, 46, 47, 48, 49, 50]
energies=[-77.07302702110246, -76.71095663300153, -76.78545668200414, -76.79950536523427, -76.77935526351811, -76.65389255083272, -76.96634260406447, -77.03011344145136, -77.08830807890541, -77.07594998294906, -77.06097454042364, -77.09747938468044, -77.08896835172658, -77.09592414838897, -77.09787681503656, -77.09050693264774, -77.09158411115754, -77.10207571082492, -77.09372322684001, -77.0963836041627, -77.08639087152588, -77.10024184961065, -77.10104869885271, -77.1060493119137, -77.10890558053131, -77.10751643351679, -77.10816881245796, -77.10127735008402, -77.10681343833471, -77.10456544258685, -77.09959176421776, -77.10681830528114, -77.10613922054543, -77.09011360267198, -77.10881554419953, -77.1032862369162, -77.10745800317736, -77.1012368023604, -77.10542975323932, -77.10666079934254, -77.10630224052119, -77.10768393044137, -77.10675063373034, -77.10368955114333, -77.08258299680023, -77.10396719510601, -77.10559238787846, -77.10610563161711, -77.10187963270923, -77.10674027516967]
std_values=[0.0020566125837547114, 0.004426867716093887, 0.003943065446807681, 0.0026160555494651946, 0.004023275117649772, 0.005088086193373697, 0.0038955268060057377, 0.0026853345021346955, 0.001996312376565475, 0.0017564696289450762, 0.0020721747655367204, 0.00220189591518455, 0.0024381011665849696, 0.0022794413693368633, 0.002229078551477394, 0.002373698596353537, 0.0021694405460540235, 0.002222196410728093, 0.002438921949560744, 0.002323659572463928, 0.0024128859675010992, 0.002221166259795841, 0.0021751178000094674, 0.002128458414570444, 0.0020579046783979226, 0.002153464912875484, 0.0020981845849488588, 0.0021126018915803547, 0.0021189444175562207, 0.0020727617149220953, 0.0021761780372673988, 0.0021099819745515848, 0.0021457481551271124, 0.0023413904843933814, 0.002088200158819143, 0.002171873972678113, 0.0021375935596146976, 0.0022021095677499567, 0.0021261948124751792, 0.0020985711713840944, 0.002129670704106001, 0.00207484863938949, 0.00212791861189631, 0.0021622730579209403, 0.0024438852547529347, 0.00206487797402695, 0.0019931499578265395, 0.002038596365598146, 0.0021136914046549528, 0.0020257262185567905]
ci_ground_energy=-77.1231136165595