counts:[1, 2, 3, 4, 5, 6, 7, 8, 9, 10, 11, 12, 13, 14, 15, 16, 17, 18, 19]
 energies:[-1.093533231523808, -0.6488407293400899, -0.9653909147875722, -1.1059425086338512, -1.0543023291807367, -1.1201901743042222, -1.117134922997296, -1.119419481581578, -1.1209513962010536, -1.1179523819022679, -1.1160166442731798, -1.1180402667945564, -1.1169231532992483, -1.1178939593144697, -1.113789934492298, -1.118779531075032, -1.1188146166044493, -1.11551488719302, -1.1124318197708338]
 std_values:[0.001347496729011623, 0.0037512586234342282, 0.003768690082049777, 0.002407769361475879, 0.003154148677643283, 0.0020121798001103627, 0.0017284798912770166, 0.0018717154347754792, 0.0021183288201122195, 0.002188854222615493, 0.002184476770438025, 0.0021106955855196945, 0.0021385136579022664, 0.0021269638333264026, 0.0021582451962484824, 0.002107069466096674, 0.002110839884324223, 0.002150009787801147, 0.00217394567790812]
 ci_ground energy:-1.1205602812268736