counts:[1, 2, 3, 4, 5, 6, 7, 8, 9, 10, 11, 12, 13, 14, 15, 16, 17, 18, 19, 20, 21, 22, 23, 24, 25, 26, 27, 28, 29, 30, 31, 32, 33, 34, 35, 36, 37, 38, 39, 40, 41, 42, 43, 44, 45, 46, 47, 48, 49, 50, 51, 52]
 energies:[-7.863292599904158, -7.663865802642144, -7.663709849041547, -7.505114752668787, -7.663681884671435, -7.713903488561757, -7.8522102392972535, -7.854232715113543, -7.864450434606951, -7.857246535397067, -7.82777174476848, -7.877447573231111, -7.877836148379911, -7.876336172131282, -7.878614311710669, -7.878127520363593, -7.877000654629324, -7.878924186874551, -7.8776923464687805, -7.879328881098571, -7.880476060887062, -7.877665198748675, -7.879905548329223, -7.878238445899289, -7.8802196631630395, -7.879755803643791, -7.880441256130181, -7.879992440491375, -7.877802016886459, -7.880012582550778, -7.880288591546062, -7.879453381358514, -7.87921609271249, -7.879527233362367, -7.88009606081363, -7.879647555476453, -7.8785915089766885, -7.880117182662417, -7.878405715345151, -7.879966015011112, -7.881428619219459, -7.8803809565722105, -7.878711783880849, -7.879816121043694, -7.879868882243297, -7.881182013932101, -7.878653513226002, -7.8792631624688685, -7.879895548735597, -7.880091510143954, -7.878996997527102, -7.879008404359519]
 std_values:[0.0004155710559020473, 0.0010565645704029487, 0.0010553569748272314, 0.0014903213426694017, 0.001054229909224748, 0.0013124363726894428, 0.0008619673846811981, 0.0005146999085168917, 0.0004378151964541472, 0.00042987726609868915, 0.0006125585720147169, 0.0004884080121646178, 0.000575464360626235, 0.0006065109641740682, 0.0006629561140545271, 0.000678153647306552, 0.0006836138133012368, 0.0006125642603749874, 0.0006443684138839478, 0.0005858575682984267, 0.0005225029857418292, 0.0004747229833603579, 0.000527523444886758, 0.000498697293883487, 0.0005188453765374353, 0.0005222471777805725, 0.0005452885855878319, 0.0005586077643117704, 0.0005273085029616254, 0.000535092139048427, 0.0005296001761451537, 0.0005301557084870822, 0.0005292945533108012, 0.0005285232304144416, 0.0005329224255340556, 0.0005322106501312126, 0.0005332441161219041, 0.0005250499129412403, 0.0005351145305950937, 0.0005260826467729111, 0.0005230458362469157, 0.0005274540732571543, 0.0005376136475824396, 0.000529517984712548, 0.0005271522337964514, 0.000519505220377683, 0.0005381107341671245, 0.0005337116155885161, 0.0005314971775488075, 0.0005261234784976067, 0.0005323405015756921, 0.0005359497806364357]
 ci_ground energy:-7.880197675259218