counts:[1, 2, 3, 4, 5, 6, 7, 8, 9, 10, 11, 12, 13, 14, 15, 16, 17, 18, 19, 20]
 energies:[-55.45463012811824, -54.97469977541911, -55.151854461666304, -55.420121605814245, -55.399379019084904, -55.46606587873785, -55.46103033282124, -55.465888061006254, -55.46478963210541, -55.4699421587876, -55.47482530118265, -55.46334151331577, -55.46911840626045, -55.46443000773728, -55.45702899860915, -55.45872467847988, -55.46232537314573, -55.46740535988967, -55.468256541129364, -55.46750655413675]
 std_values:[0.0011903858881134161, 0.004971763225396232, 0.005191413054680634, 0.0029972351720763987, 0.0017740688984690715, 0.0013107836276674693, 0.0018881151490945437, 0.0015808271184287518, 0.0011816203392798679, 0.0013498855989750327, 0.001294161809249853, 0.00159161245875971, 0.0014408229126543707, 0.0015114374258177567, 0.0016782243098055114, 0.001628962749589409, 0.0015890092361864163, 0.0014168694713534984, 0.0014257179408887204, 0.0014058595766189626]
 ci_ground energy:-55.466200446332365