counts:[1, 2, 3, 4, 5, 6, 7, 8, 9, 10, 11, 12, 13, 14, 15, 16, 17, 18, 19, 20, 21, 22, 23, 24, 25, 26, 27, 28, 29, 30, 31, 32, 33, 34, 35, 36, 37, 38, 39, 40]
 energies:[-227.87802198161017, -227.7278538410185, -227.65512454473003, -227.67189556018252, -227.65139994752468, -227.82390157433366, -227.9154926671465, -227.92225805807828, -227.90893242696546, -227.86918812962824, -227.8625779353555, -227.91042266527302, -227.9144636635985, -227.91977402023895, -227.91475865225328, -227.9187756231688, -227.9217230611004, -227.9194704708184, -227.91826803586525, -227.91917938157775, -227.9208721757995, -227.92160303568102, -227.92127507393388, -227.9174719876156, -227.9194861417983, -227.91981639249894, -227.9184011630278, -227.9203001954075, -227.91779619586532, -227.9219300935776, -227.9180100344168, -227.9156938342515, -227.9182413468343, -227.9169246266037, -227.92102067314806, -227.92074495989903, -227.91882188443503, -227.92032559910814, -227.916405065559, -227.9182472127531]
 std_values:[0.0010470634044976947, 0.0016678198754505704, 0.001924734364556806, 0.0018389674111316577, 0.001919981213525668, 0.0020116079921213173, 0.001442903872667905, 0.0014417385207070401, 0.0015568567472155476, 0.0017497202529151823, 0.0018130190436430596, 0.0012417869913575077, 0.0015095148305507033, 0.0014519311868478135, 0.001520501607767037, 0.0014822575322804578, 0.001373371478860547, 0.0014581582935228666, 0.0014565779681582518, 0.0014481071328725436, 0.0014493003635793777, 0.0014243096707084563, 0.0014443585791216217, 0.0014627529000804287, 0.0014593576016004978, 0.0014572312049540162, 0.0014712772026942997, 0.0014478578553927654, 0.0014602339569504315, 0.00144142528074544, 0.0014700688465331864, 0.0014939846802674195, 0.0014621865098266489, 0.0014661382593423049, 0.0014519664398056126, 0.0014603125955617016, 0.0014611041239308367, 0.0014608690417081324, 0.0014844461447649693, 0.001472511637956499]
 ci_ground energy:-227.9217085751065