counts:[1, 2, 3, 4, 5, 6, 7, 8, 9, 10, 11, 12, 13, 14, 15, 16, 17, 18, 19, 20, 21, 22, 23, 24, 25, 26, 27, 28, 29, 30, 31, 32, 33, 34, 35, 36, 37, 38, 39, 40, 41, 42, 43, 44, 45, 46, 47, 48, 49, 50, 51, 52, 53, 54, 55, 56, 57, 58, 59, 60, 61, 62, 63, 64, 65, 66, 67, 68, 69]
 energies:[-77.07395470569412, -76.73827047033615, -76.8365744387001, -77.00875711816704, -76.8365744387001, -76.65925608439565, -76.94926874124357, -77.04442114466408, -77.04425001573338, -77.09170654353457, -77.07333115567792, -77.10818952806036, -77.12075947284225, -77.09796516820938, -77.10950178409288, -77.12117057997239, -77.119474260478, -77.12185743762441, -77.12171301385268, -77.11815717100012, -77.12174785888124, -77.12230462194606, -77.12213516678554, -77.12203641055629, -77.12274940560968, -77.12289899760614, -77.12300156422359, -77.12290997094837, -77.12307889821992, -77.12310421498378, -77.1230785539779, -77.12310067487442, -77.12305297013683, -77.12307727159808, -77.12309228225104, -77.12309879752374, -77.12310266492995, -77.1231048149439, -77.12310009034374, -77.12311113315073, -77.12311164041441, -77.12311186604816, -77.12311305318883, -77.12311141293927, -77.1231114864095, -77.12311263714605, -77.12311250614707, -77.1231134206283, -77.12311348676846, -77.12311350336174, -77.12311288641413, -77.12311319085555, -77.12311348913633, -77.12311342183443, -77.12311338607881, -77.12311356129544, -77.12311357230189, -77.12311352267892, -77.12311355761645, -77.1231135470413, -77.12311360171319, -77.12311361361961, -77.12311358571486, -77.12311361451904, -77.12311360758099, -77.12311361412057, -77.1231136131089, -77.12311361302062, -77.12311361331336]
 std_values:[0.0, 0.0, 0.0, 0.0, 0.0, 0.0, 0.0, 0.0, 0.0, 0.0, 0.0, 0.0, 0.0, 0.0, 0.0, 0.0, 0.0, 0.0, 0.0, 0.0, 0.0, 0.0, 0.0, 0.0, 0.0, 0.0, 0.0, 0.0, 0.0, 0.0, 0.0, 0.0, 0.0, 0.0, 0.0, 0.0, 0.0, 0.0, 0.0, 0.0, 0.0, 0.0, 0.0, 0.0, 0.0, 0.0, 0.0, 0.0, 0.0, 0.0, 0.0, 0.0, 0.0, 0.0, 0.0, 0.0, 0.0, 0.0, 0.0, 0.0, 0.0, 0.0, 0.0, 0.0, 0.0, 0.0, 0.0, 0.0, 0.0]
 ci_ground energy:-77.12311361655944