counts:[1, 2, 3, 4, 5, 6, 7, 8, 9, 10, 11, 12, 13, 14, 15, 16, 17, 18, 19, 20, 21, 22]
 energies:[-77.0778295185917, -76.79341027414321, -77.05875451637212, -77.11565383187911, -77.06215718841722, -77.0970677034733, -77.11605650292239, -77.11256723429128, -77.11619585205267, -77.11620427177212, -77.11392136213482, -77.11687729002628, -77.11795327126325, -77.11561250061942, -77.11563638416365, -77.11905611500953, -77.11482205006865, -77.11725093029574, -77.11445487804411, -77.11517662372447, -77.11705879062444, -77.11740473129188]
 std_values:[0.0012226931025882738, 0.0020277899448537546, 0.002091311995785755, 0.0015519786418808344, 0.0020781496926115207, 0.0018576065446821598, 0.0014341620157975752, 0.0013840516910954067, 0.0014740241274784744, 0.0014960504137101706, 0.0015294728032774106, 0.001473671477150754, 0.0014907484678210801, 0.0015185429465527428, 0.0015083090707909642, 0.001481183471381297, 0.0015082047083842265, 0.001497685422482329, 0.0015144937018447939, 0.0014948104611605519, 0.0014917070304271299, 0.0014922925974572385]
 ci_ground energy:-77.115184896856