counts:[1, 2, 3, 4, 5, 6, 7, 8, 9, 10, 11, 12, 13, 14, 15, 16, 17, 18, 19, 20, 21, 22, 23, 24, 25, 26, 27, 28, 29, 30, 31, 32, 33, 34, 35, 36, 37, 38, 39, 40, 41, 42, 43, 44, 45, 46, 47, 48, 49, 50, 51, 52, 53, 54, 55, 56, 57, 58, 59, 60, 61, 62, 63, 64, 65, 66, 67, 68, 69, 70, 71, 72, 73, 74, 75, 76, 77, 78, 79, 80, 81, 82, 83, 84, 85, 86, 87, 88, 89, 90, 91, 92, 93, 94, 95, 96, 97, 98, 99, 100]
 energies:[-7.699880932630606, -7.563238268820557, -7.685686967386884, -7.56223097835719, -7.660422018438336, -7.685686967386884, -7.563238268820557, -7.56223097835719, -7.563238268820557, -7.511006929286884, -7.763689633828772, -7.580834775670047, -7.766222669367002, -7.717467498451727, -7.740541160212533, -7.748831287131896, -7.7604965835245, -7.763612084410546, -7.777678109140233, -7.773387867378423, -7.764047828608177, -7.770150020023474, -7.762765547544678, -7.771370145461853, -7.775361503131677, -7.769790393523246, -7.775367105126541, -7.769449069592001, -7.7828144951691165, -7.784798058326732, -7.787737467476784, -7.78882660965408, -7.787507184741893, -7.789152499329477, -7.787847085685476, -7.789238030957181, -7.789424118710626, -7.788646869173986, -7.791131914871052, -7.7890171159835635, -7.7897396435582476, -7.791545437876948, -7.7907758686628, -7.792329392718717, -7.792380552693594, -7.792111162684156, -7.79204992086161, -7.792321791640514, -7.793147508112812, -7.7929471432203155, -7.793446121679803, -7.793475954760265, -7.793178948139685, -7.793602229341259, -7.793933820483144, -7.793926210553327, -7.79391903121935, -7.79397491474422, -7.793719466016764, -7.794221311082502, -7.794342654686773, -7.79451618280204, -7.794502105751155, -7.794554183624406, -7.794255693375977, -7.794510760552269, -7.7946947202419725, -7.7946573157721755, -7.794668477383025, -7.794705109076851, -7.794726447072703, -7.794775668898451, -7.794821619901679, -7.794855444007299, -7.794766135681586, -7.7949058576045225, -7.7947707020275185, -7.794890340186903, -7.794915736126544, -7.7948832155032495, -7.794976445333587, -7.794951448267012, -7.7949302772830915, -7.79495034670285, -7.794838573789399, -7.794929406660028, -7.794985119749349, -7.795009634828736, -7.795029583354559, -7.795004294555056, -7.795031009510524, -7.79504452116592, -7.795041954600141, -7.795036496317325, -7.795040197984143, -7.7950557525826945, -7.795064045731479, -7.795055335848289, -7.7950173212230105, -7.7950596163649895]
 std_values:[0.0, 0.0, 0.0, 0.0, 0.0, 0.0, 0.0, 0.0, 0.0, 0.0, 0.0, 0.0, 0.0, 0.0, 0.0, 0.0, 0.0, 0.0, 0.0, 0.0, 0.0, 0.0, 0.0, 0.0, 0.0, 0.0, 0.0, 0.0, 0.0, 0.0, 0.0, 0.0, 0.0, 0.0, 0.0, 0.0, 0.0, 0.0, 0.0, 0.0, 0.0, 0.0, 0.0, 0.0, 0.0, 0.0, 0.0, 0.0, 0.0, 0.0, 0.0, 0.0, 0.0, 0.0, 0.0, 0.0, 0.0, 0.0, 0.0, 0.0, 0.0, 0.0, 0.0, 0.0, 0.0, 0.0, 0.0, 0.0, 0.0, 0.0, 0.0, 0.0, 0.0, 0.0, 0.0, 0.0, 0.0, 0.0, 0.0, 0.0, 0.0, 0.0, 0.0, 0.0, 0.0, 0.0, 0.0, 0.0, 0.0, 0.0, 0.0, 0.0, 0.0, 0.0, 0.0, 0.0, 0.0, 0.0, 0.0, 0.0]
 ci_ground energy:-7.795086875115313