counts:[1, 2, 3, 4, 5, 6, 7, 8, 9, 10, 11, 12, 13, 14, 15, 16, 17, 18, 19, 20, 21, 22, 23, 24, 25, 26, 27, 28, 29, 30, 31, 32, 33, 34, 35, 36, 37, 38, 39, 40, 41, 42, 43, 44, 45, 46, 47, 48, 49, 50, 51, 52, 53, 54, 55, 56, 57, 58, 59, 60, 61, 62, 63, 64, 65, 66, 67, 68, 69, 70, 71, 72, 73, 74, 75, 76, 77, 78, 79, 80, 81, 82, 83, 84, 85, 86, 87, 88, 89, 90, 91, 92, 93, 94, 95, 96, 97, 98, 99, 100]
 energies:[-7.770873669073869, -7.628718836127139, -7.749293088893542, -7.534187748881878, -7.7109244693389725, -7.749293088893542, -7.628718836127139, -7.534187748881878, -7.628718836127139, -7.626816920388914, -7.729420606841811, -7.813544523789017, -7.806229212806223, -7.812499432966134, -7.788284256193086, -7.816825310964139, -7.7841852209102536, -7.80862029353263, -7.772102948150089, -7.8132335584920805, -7.80098930334868, -7.808650717726736, -7.78628422748086, -7.810823267521452, -7.811779118359431, -7.811285565366279, -7.816621961026747, -7.817854795032097, -7.8180747227637015, -7.815969454413037, -7.817444475012338, -7.815895214679135, -7.818351147582949, -7.818530712195908, -7.817538325212792, -7.819674097989258, -7.818874343177858, -7.8187798681889555, -7.820059803738254, -7.820971843729294, -7.8205894258139095, -7.821272170495344, -7.82179834668876, -7.821304157775477, -7.821815906689353, -7.821384345665879, -7.821963736189628, -7.821880145458068, -7.821604266342821, -7.821896961306703, -7.8220238062327985, -7.821979533087096, -7.821840159563762, -7.8219034120606645, -7.822261265643186, -7.822373768134134, -7.82244015122897, -7.822482573649283, -7.822405472057533, -7.82247429816345, -7.822498070188726, -7.822565494186697, -7.822544826808987, -7.822509096746498, -7.8224982358210555, -7.822562705454218, -7.822231482091836, -7.822552110351039, -7.822587598075784, -7.8226111463146575, -7.822606040392567, -7.822524611768654, -7.822614485917616, -7.822657636584078, -7.822658209965112, -7.8226302243427, -7.822652249374825, -7.822687777179142, -7.822719415367415, -7.822667649254446, -7.8227228637561135, -7.822695293634834, -7.8227347585257805, -7.822689914484388, -7.822766152480168, -7.822803410037404, -7.822818712143138, -7.822810476503512, -7.822750902117886, -7.822808671955378, -7.822840259737679, -7.82286422956073, -7.822848667291141, -7.822869506724822, -7.8228543525146295, -7.822848289731282, -7.822841292996274, -7.82287335875668, -7.822863747007344, -7.822876324540785]
 std_values:[0.0, 0.0, 0.0, 0.0, 0.0, 0.0, 0.0, 0.0, 0.0, 0.0, 0.0, 0.0, 0.0, 0.0, 0.0, 0.0, 0.0, 0.0, 0.0, 0.0, 0.0, 0.0, 0.0, 0.0, 0.0, 0.0, 0.0, 0.0, 0.0, 0.0, 0.0, 0.0, 0.0, 0.0, 0.0, 0.0, 0.0, 0.0, 0.0, 0.0, 0.0, 0.0, 0.0, 0.0, 0.0, 0.0, 0.0, 0.0, 0.0, 0.0, 0.0, 0.0, 0.0, 0.0, 0.0, 0.0, 0.0, 0.0, 0.0, 0.0, 0.0, 0.0, 0.0, 0.0, 0.0, 0.0, 0.0, 0.0, 0.0, 0.0, 0.0, 0.0, 0.0, 0.0, 0.0, 0.0, 0.0, 0.0, 0.0, 0.0, 0.0, 0.0, 0.0, 0.0, 0.0, 0.0, 0.0, 0.0, 0.0, 0.0, 0.0, 0.0, 0.0, 0.0, 0.0, 0.0, 0.0, 0.0, 0.0, 0.0]
 ci_ground energy:-7.823012335859219