counts:[1, 2, 3, 4, 5, 6, 7, 8, 9, 10, 11, 12, 13, 14, 15, 16, 17, 18, 19, 20, 21, 22, 23, 24, 25, 26, 27, 28, 29, 30, 31, 32, 33, 34, 35, 36, 37, 38, 39, 40, 41, 42, 43, 44, 45, 46, 47, 48, 49, 50, 51, 52, 53, 54, 55, 56, 57, 58, 59, 60, 61, 62, 63, 64, 65, 66, 67, 68, 69, 70, 71, 72, 73, 74, 75, 76, 77, 78, 79, 80, 81, 82, 83, 84, 85, 86, 87, 88, 89, 90, 91, 92, 93, 94, 95, 96, 97, 98, 99, 100]
 energies:[-7.857144960155305, -7.673139303991147, -7.823344190513656, -7.528096462204096, -7.686425818772439, -7.691376324719061, -7.673139303991147, -7.528096462204096, -7.673139303991147, -7.823344190513656, -7.664803077112558, -7.848064127969649, -7.851236484839707, -7.854919010720397, -7.843675651443051, -7.854477700957294, -7.853556530532168, -7.857747941494702, -7.837975875705452, -7.8575458746664575, -7.8494915880579965, -7.8563655461556605, -7.850499674248284, -7.870878420873919, -7.87427687179417, -7.869572803100513, -7.871564459741626, -7.874351939711302, -7.8718025462203505, -7.869175445861001, -7.875933690062692, -7.876961952885806, -7.8771378242700925, -7.874530534202514, -7.876542233766103, -7.877123837855765, -7.876517428218331, -7.87662707660312, -7.8774707482775925, -7.877477657174386, -7.876483697145084, -7.877091047375445, -7.8776580788056885, -7.8771308082163936, -7.877433520829219, -7.877522095067712, -7.877087114129645, -7.877837909300923, -7.877770866706075, -7.877849244062273, -7.877664017540256, -7.877644977344839, -7.877945247290813, -7.877787906890917, -7.8779825318146335, -7.877824231888263, -7.87782798361441, -7.877965140085625, -7.8779595340481565, -7.877959193131507, -7.877920580836563, -7.87813021104543, -7.8782624611332635, -7.878271170467296, -7.878319066233288, -7.878402400651868, -7.878337122993432, -7.878385691399431, -7.878400091082404, -7.878400259948621, -7.878338803910455, -7.878397608243714, -7.878449238199917, -7.878379010216206, -7.878418736246428, -7.878433556632278, -7.878407342361991, -7.878467982938937, -7.878495789758653, -7.878498029632152, -7.878495847615691, -7.878505900327466, -7.878492858175963, -7.878506320503404, -7.878513140026665, -7.878555276098292, -7.878546209265031, -7.878558735838102, -7.878587366680352, -7.878589643526033, -7.878588816026794, -7.87859202679988, -7.87858473585782, -7.878578315633212, -7.878580633328213, -7.878600231913601, -7.8785888632183925, -7.878615799039772, -7.878636745945523, -7.878639613790605]
 std_values:[0.0, 0.0, 0.0, 0.0, 0.0, 0.0, 0.0, 0.0, 0.0, 0.0, 0.0, 0.0, 0.0, 0.0, 0.0, 0.0, 0.0, 0.0, 0.0, 0.0, 0.0, 0.0, 0.0, 0.0, 0.0, 0.0, 0.0, 0.0, 0.0, 0.0, 0.0, 0.0, 0.0, 0.0, 0.0, 0.0, 0.0, 0.0, 0.0, 0.0, 0.0, 0.0, 0.0, 0.0, 0.0, 0.0, 0.0, 0.0, 0.0, 0.0, 0.0, 0.0, 0.0, 0.0, 0.0, 0.0, 0.0, 0.0, 0.0, 0.0, 0.0, 0.0, 0.0, 0.0, 0.0, 0.0, 0.0, 0.0, 0.0, 0.0, 0.0, 0.0, 0.0, 0.0, 0.0, 0.0, 0.0, 0.0, 0.0, 0.0, 0.0, 0.0, 0.0, 0.0, 0.0, 0.0, 0.0, 0.0, 0.0, 0.0, 0.0, 0.0, 0.0, 0.0, 0.0, 0.0, 0.0, 0.0, 0.0, 0.0]
 ci_ground energy:-7.878707603426151