counts:[1, 2, 3, 4, 5, 6, 7, 8, 9, 10, 11, 12, 13, 14, 15, 16, 17, 18, 19, 20, 21]
 energies:[-0.9043613945444631, -0.1326290319792598, -0.4094989437288703, -0.8145872705966468, -0.8208321714066829, -0.9141235143598121, -0.9022357059337138, -0.9108821670159779, -0.9137124885421128, -0.9138209606064995, -0.9141477748538462, -0.9140873540623438, -0.9141281495094371, -0.9141496486313447, -0.9141462297961129, -0.9141486007899777, -0.9141496763694792, -0.914149566192894, -0.9141496976243073, -0.914149705004863, -0.9141496985111472]
 std_values:[0.0, 0.0, 0.0, 0.0, 0.0, 0.0, 0.0, 0.0, 0.0, 0.0, 0.0, 0.0, 0.0, 0.0, 0.0, 0.0, 0.0, 0.0, 0.0, 0.0, 0.0]
 ci_ground energy:-0.9141497050119489