counts:[1, 2, 3, 4, 5, 6, 7, 8, 9, 10, 11, 12, 13, 14, 15, 16, 17, 18]
 energies:[-0.6013122504134867, 0.20322822445180133, 0.06887750035157514, -0.44533726238502847, -0.5365235012468272, -0.5953388741628036, -0.5890072612440986, -0.6074501527696674, -0.6066016405469281, -0.6029296896164593, -0.6043357773365667, -0.6017263043041046, -0.6009982700715175, -0.6041366886688844, -0.6026715401443752, -0.6029006406177106, -0.6017201431609294, -0.6001074734288763]
 std_values:[0.001135926461341109, 0.009262093445323307, 0.00989472674222703, 0.005973662521658587, 0.0022919970566866957, 0.002224924076215352, 0.0012518217702014026, 0.0011330716330724578, 0.0015394453864680223, 0.0015764116271498863, 0.0011818248215239794, 0.0014609939400418918, 0.0014797813632070104, 0.0012814997430081842, 0.0014134074848157884, 0.0013135552435575275, 0.0012931462388014634, 0.0015573452698195876]
 ci_ground energy:-0.6018037114169312