counts:[1, 2, 3, 4, 5, 6, 7, 8, 9, 10, 11, 12, 13, 14, 15, 16, 17, 18, 19, 20, 21]
 energies:[-227.88465661797477, -227.6832329499365, -227.825221832963, -227.8913935845673, -227.86776243695437, -227.89568967935037, -227.90022329730158, -227.89525849087005, -227.8968462932985, -227.90092802689185, -227.9009387003842, -227.90069420366058, -227.90408593588637, -227.8996859797811, -227.899251430346, -227.89939332426758, -227.9016427993576, -227.89970377099934, -227.90235470018723, -227.8998559183566, -227.89816765849105]
 std_values:[0.0007315331352464331, 0.0017015576363666766, 0.001784889000070348, 0.0012052104205425404, 0.001519283518460628, 0.0010511676239732043, 0.000868476077119999, 0.0007579964310519877, 0.000842886357146292, 0.0008849937806221891, 0.0009328063479864172, 0.0009487262990804411, 0.0008805995370789073, 0.0009426101834582874, 0.0009456236415051968, 0.0009374272995618174, 0.0009106074497644016, 0.0009406899292361276, 0.0009089244674268597, 0.0009400461729694246, 0.0009586645439599564]
 ci_ground energy:-227.89975604730165