-1.853088418733965881e+01 8.583857293667550292e-02 8.162546942902224045e-02 -7.722143132677369848e-02 -7.722143132677367072e-02 4.784159783842306668e-02 4.784159783842308056e-02 -6.218761349367019076e-02 -6.218761349367014912e-02 8.589855254613233682e-02 5.707760322626879990e-02 0.000000000000000000e+00 -7.771117083166245720e-12 -7.771117083166245720e-12 1.503381783310350772e-02 1.503381783310350772e-02
8.583857293667550292e-02 -1.757150468664060128e+01 1.604555238799514061e-01 1.406751163135936122e-01 1.406751163135936122e-01 0.000000000000000000e+00 0.000000000000000000e+00 7.848750281992347699e-02 7.848750281992347699e-02 1.377199925425418858e-01 0.000000000000000000e+00 5.707760322626879990e-02 -9.254073444676449989e-02 -9.254073444676445825e-02 -6.218761349367012831e-02 -6.218761349367015606e-02
8.162546942902224045e-02 1.604555238799514061e-01 -1.748949769389567876e+01 6.345368498681988600e-02 6.345368498681988600e-02 4.982625899561423516e-02 4.982625899561422822e-02 1.406751163135935845e-01 1.406751163135936122e-01 0.000000000000000000e+00 1.377199925425418858e-01 8.589855254613233682e-02 1.208594598084250515e-02 1.208594598084250515e-02 7.722143132677369848e-02 7.722143132677369848e-02
-7.722143132677369848e-02 1.406751163135936122e-01 6.345368498681988600e-02 -1.719806486624642972e+01 0.000000000000000000e+00 0.000000000000000000e+00 0.000000000000000000e+00 1.604555238799514061e-01 1.377199925425418303e-01 6.345368498681988600e-02 1.406751163135936122e-01 -7.722143132677367072e-02 0.000000000000000000e+00 -2.098274503292252291e-02 -8.162546942902226821e-02 -8.589855254613236457e-02
-7.722143132677367072e-02 1.406751163135936122e-01 6.345368498681988600e-02 0.000000000000000000e+00 -1.719806486624642616e+01 0.000000000000000000e+00 0.000000000000000000e+00 1.377199925425419691e-01 1.604555238799514061e-01 6.345368498681988600e-02 1.406751163135936122e-01 -7.722143132677369848e-02 -2.098274503292252291e-02 0.000000000000000000e+00 -8.589855254613236457e-02 -8.162546942902226821e-02
4.784159783842306668e-02 0.000000000000000000e+00 4.982625899561423516e-02 0.000000000000000000e+00 0.000000000000000000e+00 -1.775017020115771516e+01 2.424937922117120781e-02 0.000000000000000000e+00 0.000000000000000000e+00 0.000000000000000000e+00 1.686771944316549712e-02 0.000000000000000000e+00 -4.682263365597286175e-02 -4.682263365597286869e-02 0.000000000000000000e+00 0.000000000000000000e+00
4.784159783842308056e-02 0.000000000000000000e+00 4.982625899561422822e-02 0.000000000000000000e+00 0.000000000000000000e+00 2.424937922117120781e-02 -1.775017020115770805e+01 0.000000000000000000e+00 0.000000000000000000e+00 0.000000000000000000e+00 1.686771944316550059e-02 0.000000000000000000e+00 -4.682263365597287563e-02 -4.682263365597288257e-02 0.000000000000000000e+00 0.000000000000000000e+00
-6.218761349367019076e-02 7.848750281992347699e-02 1.406751163135935845e-01 1.604555238799514061e-01 1.377199925425419691e-01 0.000000000000000000e+00 0.000000000000000000e+00 -1.722267271205863892e+01 0.000000000000000000e+00 1.406751163135936122e-01 7.848750281992347699e-02 -6.218761349367014912e-02 -9.232930959268501048e-02 4.041086299688499001e-02 8.583857293667546129e-02 5.707760322626880684e-02
-6.218761349367014912e-02 7.848750281992347699e-02 1.406751163135936122e-01 1.377199925425418303e-01 1.604555238799514061e-01 0.000000000000000000e+00 0.000000000000000000e+00 0.000000000000000000e+00 -1.722267271205863537e+01 1.406751163135935845e-01 7.848750281992347699e-02 -6.218761349367019076e-02 4.041086299688501082e-02 -9.232930959268514925e-02 5.707760322626881377e-02 8.583857293667548904e-02
8.589855254613233682e-02 1.377199925425418858e-01 0.000000000000000000e+00 6.345368498681988600e-02 6.345368498681988600e-02 0.000000000000000000e+00 0.000000000000000000e+00 1.406751163135936122e-01 1.406751163135935845e-01 -1.688021252471137146e+01 1.604555238799514061e-01 8.162546942902224045e-02 0.000000000000000000e+00 0.000000000000000000e+00 7.722143132677369848e-02 7.722143132677368460e-02
5.707760322626879990e-02 0.000000000000000000e+00 1.377199925425418858e-01 1.406751163135936122e-01 1.406751163135936122e-01 1.686771944316549712e-02 1.686771944316550059e-02 7.848750281992347699e-02 7.848750281992347699e-02 1.604555238799514061e-01 -1.682415762430877493e+01 8.583857293667550292e-02 4.952875450709467997e-02 4.952875450709481181e-02 -6.218761349367018382e-02 -6.218761349367016994e-02
0.000000000000000000e+00 5.707760322626879990e-02 8.589855254613233682e-02 -7.722143132677367072e-02 -7.722143132677369848e-02 0.000000000000000000e+00 0.000000000000000000e+00 -6.218761349367014912e-02 -6.218761349367019076e-02 8.162546942902224045e-02 8.583857293667550292e-02 -1.611072464740238530e+01 0.000000000000000000e+00 0.000000000000000000e+00 1.503381783310356323e-02 1.503381783310356323e-02
-7.771117083166245720e-12 -9.254073444676449989e-02 1.208594598084250515e-02 0.000000000000000000e+00 -2.098274503292252291e-02 -4.682263365597286175e-02 -4.682263365597287563e-02 -9.232930959268501048e-02 4.041086299688501082e-02 0.000000000000000000e+00 4.952875450709467997e-02 0.000000000000000000e+00 -1.801783505449704492e+01 8.162546942902226821e-02 -3.093570156287805961e-02 0.000000000000000000e+00
-7.771117083166245720e-12 -9.254073444676445825e-02 1.208594598084250515e-02 -2.098274503292252291e-02 0.000000000000000000e+00 -4.682263365597286869e-02 -4.682263365597288257e-02 4.041086299688499001e-02 -9.232930959268514925e-02 0.000000000000000000e+00 4.952875450709481181e-02 0.000000000000000000e+00 8.162546942902226821e-02 -1.801783505449704492e+01 0.000000000000000000e+00 -3.093570156287800410e-02
1.503381783310350772e-02 -6.218761349367012831e-02 7.722143132677369848e-02 -8.162546942902226821e-02 -8.589855254613236457e-02 0.000000000000000000e+00 0.000000000000000000e+00 8.583857293667546129e-02 5.707760322626881377e-02 7.722143132677369848e-02 -6.218761349367018382e-02 1.503381783310356323e-02 -3.093570156287805961e-02 0.000000000000000000e+00 -1.735332420650598095e+01 0.000000000000000000e+00
1.503381783310350772e-02 -6.218761349367015606e-02 7.722143132677369848e-02 -8.589855254613236457e-02 -8.162546942902226821e-02 0.000000000000000000e+00 0.000000000000000000e+00 5.707760322626880684e-02 8.583857293667548904e-02 7.722143132677368460e-02 -6.218761349367016994e-02 1.503381783310356323e-02 0.000000000000000000e+00 -3.093570156287800410e-02 0.000000000000000000e+00 -1.735332420650598095e+01
