counts:[1, 2, 3, 4, 5, 6, 7, 8, 9, 10, 11, 12, 13, 14, 15, 16, 17, 18, 19, 20, 21, 22, 23, 24, 25, 26, 27, 28, 29, 30, 31, 32, 33, 34, 35, 36, 37, 38, 39, 40, 41, 42, 43, 44, 45, 46, 47, 48, 49, 50, 51, 52, 53, 54, 55, 56, 57, 58, 59, 60, 61, 62, 63, 64]
 energies:[-15.561278032298537, -15.332398928039938, -15.332398928039938, -15.219150647382962, -15.332398928039938, -15.371283175159318, -15.537588612158087, -15.546323702049891, -15.558452037675176, -15.547587468770969, -15.535551510781682, -15.571010216193946, -15.572249375271605, -15.572859403384511, -15.565607543909207, -15.572232074588799, -15.571209686350985, -15.572037081225831, -15.572885455773813, -15.57280554939309, -15.572883901721964, -15.572810705000398, -15.57251039661052, -15.572824830421707, -15.572852606848114, -15.572868345944817, -15.572884654329416, -15.572870138707794, -15.57290186306217, -15.572912211398089, -15.572906360033246, -15.572909971539525, -15.572904428209386, -15.5729168326099, -15.572916868097652, -15.572916317604706, -15.572909223656206, -15.572917051917555, -15.57291730908563, -15.572915613992409, -15.57291601552715, -15.572918347853827, -15.572916916523118, -15.572917775467774, -15.57291820670286, -15.572918193821392, -15.572918179093, -15.572918482490694, -15.57291836027697, -15.572918452897278, -15.572918528726708, -15.572918494636463, -15.572918534683106, -15.5729185306437, -15.572918521626734, -15.572918532148767, -15.572918537491296, -15.572918538934358, -15.572918545374494, -15.572918551024303, -15.572918554084074, -15.57291854574264, -15.572918553991483, -15.57291855592162]
 std_values:[0.0, 0.0, 0.0, 0.0, 0.0, 0.0, 0.0, 0.0, 0.0, 0.0, 0.0, 0.0, 0.0, 0.0, 0.0, 0.0, 0.0, 0.0, 0.0, 0.0, 0.0, 0.0, 0.0, 0.0, 0.0, 0.0, 0.0, 0.0, 0.0, 0.0, 0.0, 0.0, 0.0, 0.0, 0.0, 0.0, 0.0, 0.0, 0.0, 0.0, 0.0, 0.0, 0.0, 0.0, 0.0, 0.0, 0.0, 0.0, 0.0, 0.0, 0.0, 0.0, 0.0, 0.0, 0.0, 0.0, 0.0, 0.0, 0.0, 0.0, 0.0, 0.0, 0.0, 0.0]
 ci_ground energy:-15.572918556150869