counts:[1, 2, 3, 4, 5, 6, 7, 8, 9, 10, 11, 12, 13, 14, 15, 16, 17, 18, 19, 20, 21, 22, 23]
 energies:[-227.88372933361688, -227.67016671041983, -227.83372926197524, -227.89523061093809, -227.83372926197524, -227.87306011961255, -227.8994054483249, -227.8988622821824, -227.89972481555913, -227.8988622821824, -227.8994411840411, -227.8997558071179, -227.8997128997753, -227.89974359057743, -227.89975498726307, -227.8997544850049, -227.89975603516467, -227.89975597453758, -227.89975604093524, -227.89975601675758, -227.89975604563, -227.89975604729779, -227.89975604593866]
 std_values:[0.0, 0.0, 0.0, 0.0, 0.0, 0.0, 0.0, 0.0, 0.0, 0.0, 0.0, 0.0, 0.0, 0.0, 0.0, 0.0, 0.0, 0.0, 0.0, 0.0, 0.0, 0.0, 0.0]
 ci_ground energy:-227.89975604730165