counts:[1, 2, 3, 4, 5, 6, 7, 8, 9, 10, 11, 12, 13, 14, 15, 16, 17, 18, 19, 20, 21, 22, 23, 24, 25]
 energies:[-1.0661086491853151, -0.654550476257708, -0.985737608480976, -1.0949547368308097, -0.985737608480976, -1.0981617830030368, -1.0864687676156208, -1.1006957309373306, -1.1010052297532749, -1.0990890708646162, -1.100325093383948, -1.1011366118624197, -1.1011288158309709, -1.1010883168670467, -1.1011477113116013, -1.1011501117917168, -1.101143813266137, -1.101148049901743, -1.101150327204309, -1.1011499989281925, -1.101150231027332, -1.1011503243219782, -1.101150318575201, -1.1011503301324277, -1.1011503273595564]
 std_values:[0.0, 0.0, 0.0, 0.0, 0.0, 0.0, 0.0, 0.0, 0.0, 0.0, 0.0, 0.0, 0.0, 0.0, 0.0, 0.0, 0.0, 0.0, 0.0, 0.0, 0.0, 0.0, 0.0, 0.0, 0.0]
 ci_ground energy:-1.1011503301329562