counts:[1, 2, 3, 4, 5, 6, 7, 8, 9, 10, 11, 12, 13, 14, 15, 16, 17, 18, 19, 20, 21, 22]
 energies:[-7.863357621538325, -7.506409239309882, -7.7133325235190675, -7.854801090980837, -7.815796157570334, -7.874384426201239, -7.8766344285262715, -7.870072517979674, -7.876611948955242, -7.875818413093432, -7.876835683508956, -7.876899026605388, -7.876824442351259, -7.876878975048298, -7.876896121491786, -7.876897246425884, -7.8768991085109885, -7.876898947417629, -7.876899138546129, -7.876899134906907, -7.876899141127202, -7.876899138058658]
 std_values:[0.0, 0.0, 0.0, 0.0, 0.0, 0.0, 0.0, 0.0, 0.0, 0.0, 0.0, 0.0, 0.0, 0.0, 0.0, 0.0, 0.0, 0.0, 0.0, 0.0, 0.0, 0.0]
 ci_ground energy:-7.876899141132457