counts:[1, 2, 3, 4, 5, 6, 7, 8, 9, 10, 11, 12, 13, 14, 15, 16, 17, 18, 19, 20, 21, 22, 23, 24, 25, 26, 27, 28, 29, 30, 31, 32, 33, 34, 35, 36, 37, 38, 39, 40, 41, 42, 43, 44, 45, 46, 47, 48, 49, 50, 51, 52, 53, 54, 55, 56, 57, 58, 59, 60, 61, 62, 63, 64, 65, 66, 67, 68, 69, 70, 71, 72, 73, 74, 75, 76, 77, 78, 79, 80, 81, 82, 83, 84, 85, 86, 87, 88, 89, 90, 91, 92, 93, 94, 95, 96, 97, 98, 99, 100]
 energies:[-7.661201601365756, -7.529701746140875, -7.650693281882129, -7.517748617432423, -7.629928096870554, -7.499055960052209, -7.529701746140875, -7.517748617432423, -7.529701746140875, -7.650693281882129, -7.754168291453068, -7.647495536502177, -7.754157649522639, -7.654462696385334, -7.751304847892564, -7.754168291453073, -7.761715232641022, -7.744481820452091, -7.739523043409548, -7.768447164749414, -7.723672615113239, -7.770094117399809, -7.75088683697027, -7.758966147240734, -7.767563992559486, -7.754817828513339, -7.764470998518114, -7.769851015642194, -7.770094117399815, -7.771593997092358, -7.771364646504422, -7.770461027920776, -7.76769135743667, -7.7733531481855564, -7.773041145246204, -7.773958103689591, -7.7735883884322305, -7.772425439574231, -7.775579964494959, -7.774804449272814, -7.776251496897316, -7.77673814626664, -7.7754029955918895, -7.776565220298258, -7.7748664072519205, -7.778679290901769, -7.778610837669156, -7.778954755729492, -7.779730992866952, -7.778323906643408, -7.779205972225819, -7.7810958197561515, -7.781995094144332, -7.782203178477637, -7.781842770558997, -7.7829825296395025, -7.782241750056837, -7.782915751741903, -7.784263019825737, -7.784137851759393, -7.78428131018353, -7.784310807386243, -7.784307810796193, -7.783740264638723, -7.7846852074172315, -7.784294169922212, -7.785564256783385, -7.785449333270403, -7.78513678037287, -7.785762885768419, -7.786067520468713, -7.785899166770982, -7.786021685185645, -7.786127286646282, -7.786115466109857, -7.786005838665558, -7.78588688805705, -7.786432335449952, -7.7866227794461, -7.786677648356813, -7.786661865372084, -7.786787240652336, -7.787038807350211, -7.786997303117332, -7.787050809357861, -7.787127434356595, -7.787170448707586, -7.787188054240673, -7.787143674853439, -7.7871786628096835, -7.7869294928836315, -7.787163583943187, -7.786939258492817, -7.787124325313625, -7.787162028668627, -7.787223952194447, -7.787227821969903, -7.7871980221494255, -7.78722451100046, -7.787259850687647]
 std_values:[0.0, 0.0, 0.0, 0.0, 0.0, 0.0, 0.0, 0.0, 0.0, 0.0, 0.0, 0.0, 0.0, 0.0, 0.0, 0.0, 0.0, 0.0, 0.0, 0.0, 0.0, 0.0, 0.0, 0.0, 0.0, 0.0, 0.0, 0.0, 0.0, 0.0, 0.0, 0.0, 0.0, 0.0, 0.0, 0.0, 0.0, 0.0, 0.0, 0.0, 0.0, 0.0, 0.0, 0.0, 0.0, 0.0, 0.0, 0.0, 0.0, 0.0, 0.0, 0.0, 0.0, 0.0, 0.0, 0.0, 0.0, 0.0, 0.0, 0.0, 0.0, 0.0, 0.0, 0.0, 0.0, 0.0, 0.0, 0.0, 0.0, 0.0, 0.0, 0.0, 0.0, 0.0, 0.0, 0.0, 0.0, 0.0, 0.0, 0.0, 0.0, 0.0, 0.0, 0.0, 0.0, 0.0, 0.0, 0.0, 0.0, 0.0, 0.0, 0.0, 0.0, 0.0, 0.0, 0.0, 0.0, 0.0, 0.0, 0.0]
 ci_ground energy:-7.787378051924119