counts:[1, 2, 3, 4, 5, 6, 7, 8, 9, 10, 11, 12, 13, 14, 15, 16, 17, 18, 19, 20, 21]
 energies:[-0.8817324497321233, -0.5808916139169862, -0.9778997878802713, -0.7809778211664253, -0.9101726435255608, -0.9828011577095677, -0.9675772872257875, -0.9776747318511649, -0.9834721671601836, -0.9828765686400525, -0.9833326644455447, -0.983423141457261, -0.983466984819036, -0.9834673343936726, -0.9834727275606043, -0.9834720506347121, -0.9834725437633969, -0.9834727034598385, -0.9834727106111432, -0.9834727289218699, -0.9834727270395569]
 std_values:[0.0, 0.0, 0.0, 0.0, 0.0, 0.0, 0.0, 0.0, 0.0, 0.0, 0.0, 0.0, 0.0, 0.0, 0.0, 0.0, 0.0, 0.0, 0.0, 0.0, 0.0]
 ci_ground energy:-0.9834727289323322