-1.719123011352907682e+01 1.212875021433189870e-01 -9.394797583866099089e-02 -9.394797583866099089e-02 -6.726844811686269465e-02 -6.726844811686266690e-02 5.812806472106635258e-02 4.984529865122833137e-02 4.984529865122833137e-02 0.000000000000000000e+00 9.955473578692829173e-02 -4.491542138218562741e-10 -4.491541583107050428e-10 9.837831405009760111e-02 2.667952772179829624e-02 2.667952772179829624e-02
1.212875021433189870e-01 -1.684567777768872077e+01 1.229128567202989464e-01 1.229128567202989464e-01 5.564440860343625173e-02 5.564440860343625173e-02 0.000000000000000000e+00 0.000000000000000000e+00 0.000000000000000000e+00 5.812806472106635258e-02 1.336534684025870445e-01 -1.016438726607147430e-01 -1.016438726607147292e-01 1.188202097148541025e-01 -6.726844811686269465e-02 -6.726844811686269465e-02
-9.394797583866099089e-02 1.229128567202989464e-01 -1.663857983513475247e+01 0.000000000000000000e+00 1.336534684025870445e-01 1.188202097148541025e-01 1.229128567202989464e-01 0.000000000000000000e+00 0.000000000000000000e+00 -9.394797583866099089e-02 2.896488088163791386e-02 0.000000000000000000e+00 -4.353235739268063176e-02 2.896488088163794161e-02 -9.955473578692833336e-02 -9.837831405009757335e-02
-9.394797583866099089e-02 1.229128567202989464e-01 0.000000000000000000e+00 -1.663857983513475602e+01 1.188202097148541025e-01 1.336534684025870445e-01 1.229128567202989464e-01 0.000000000000000000e+00 0.000000000000000000e+00 -9.394797583866099089e-02 2.896488088163791386e-02 -4.353235739268063176e-02 0.000000000000000000e+00 2.896488088163794161e-02 -9.837831405009761498e-02 -9.955473578692834724e-02
-6.726844811686269465e-02 5.564440860343625173e-02 1.336534684025870445e-01 1.188202097148541025e-01 -1.665709731810739314e+01 0.000000000000000000e+00 5.564440860343625173e-02 0.000000000000000000e+00 0.000000000000000000e+00 -6.726844811686266690e-02 1.229128567202989325e-01 -9.528745437034322197e-02 2.466959335858979335e-02 1.229128567202989741e-01 1.212875021433190009e-01 5.812806472106635258e-02
-6.726844811686266690e-02 5.564440860343625173e-02 1.188202097148541025e-01 1.336534684025870445e-01 0.000000000000000000e+00 -1.665709731810739669e+01 5.564440860343625173e-02 0.000000000000000000e+00 0.000000000000000000e+00 -6.726844811686269465e-02 1.229128567202989464e-01 2.466959335858977947e-02 -9.528745437034320809e-02 1.229128567202989464e-01 5.812806472106634564e-02 1.212875021433190009e-01
5.812806472106635258e-02 0.000000000000000000e+00 1.229128567202989464e-01 1.229128567202989464e-01 5.564440860343625173e-02 5.564440860343625173e-02 -1.643045543579002654e+01 1.783928589617088736e-02 1.783928589617088736e-02 1.212875021433189870e-01 1.188202097148540748e-01 2.410306538108346677e-02 2.410306538108350841e-02 1.336534684025870723e-01 -6.726844811686266690e-02 -6.726844811686269465e-02
4.984529865122833137e-02 0.000000000000000000e+00 0.000000000000000000e+00 0.000000000000000000e+00 0.000000000000000000e+00 0.000000000000000000e+00 1.783928589617088736e-02 -1.659148017452907098e+01 2.424937922117121475e-02 0.000000000000000000e+00 3.955438360976381434e-02 -4.405993107185824514e-02 -4.405993107185824514e-02 0.000000000000000000e+00 0.000000000000000000e+00 0.000000000000000000e+00
4.984529865122833137e-02 0.000000000000000000e+00 0.000000000000000000e+00 0.000000000000000000e+00 0.000000000000000000e+00 0.000000000000000000e+00 1.783928589617088736e-02 2.424937922117121475e-02 -1.659148017452907098e+01 0.000000000000000000e+00 3.955438360976382128e-02 -4.405993107185824514e-02 -4.405993107185824514e-02 0.000000000000000000e+00 0.000000000000000000e+00 0.000000000000000000e+00
0.000000000000000000e+00 5.812806472106635258e-02 -9.394797583866099089e-02 -9.394797583866099089e-02 -6.726844811686266690e-02 -6.726844811686269465e-02 1.212875021433189870e-01 0.000000000000000000e+00 0.000000000000000000e+00 -1.619936426673377383e+01 9.837831405009761498e-02 0.000000000000000000e+00 0.000000000000000000e+00 9.955473578692833336e-02 2.667952772179829624e-02 2.667952772179829624e-02
9.955473578692829173e-02 1.336534684025870445e-01 2.896488088163791386e-02 2.896488088163791386e-02 1.229128567202989325e-01 1.229128567202989464e-01 1.188202097148540748e-01 3.955438360976381434e-02 3.955438360976382128e-02 9.837831405009761498e-02 -1.671025606014426046e+01 4.096050054991906553e-02 4.096050054991912104e-02 0.000000000000000000e+00 9.394797583866100477e-02 9.394797583866100477e-02
-4.491542138218562741e-10 -1.016438726607147430e-01 0.000000000000000000e+00 -4.353235739268063176e-02 -9.528745437034322197e-02 2.466959335858977947e-02 2.410306538108346677e-02 -4.405993107185824514e-02 -4.405993107185824514e-02 0.000000000000000000e+00 4.096050054991906553e-02 -1.696211372503752202e+01 9.955473578692834724e-02 0.000000000000000000e+00 -2.708550361907263726e-02 0.000000000000000000e+00
-4.491541583107050428e-10 -1.016438726607147292e-01 -4.353235739268063176e-02 0.000000000000000000e+00 2.466959335858979335e-02 -9.528745437034320809e-02 2.410306538108350841e-02 -4.405993107185824514e-02 -4.405993107185824514e-02 0.000000000000000000e+00 4.096050054991912104e-02 9.955473578692834724e-02 -1.696211372503751846e+01 0.000000000000000000e+00 0.000000000000000000e+00 -2.708550361907263726e-02
9.837831405009760111e-02 1.188202097148541025e-01 2.896488088163794161e-02 2.896488088163794161e-02 1.229128567202989741e-01 1.229128567202989464e-01 1.336534684025870723e-01 0.000000000000000000e+00 0.000000000000000000e+00 9.955473578692833336e-02 0.000000000000000000e+00 0.000000000000000000e+00 0.000000000000000000e+00 -1.644525230399107940e+01 9.394797583866101864e-02 9.394797583866099089e-02
2.667952772179829624e-02 -6.726844811686269465e-02 -9.955473578692833336e-02 -9.837831405009761498e-02 1.212875021433190009e-01 5.812806472106634564e-02 -6.726844811686266690e-02 0.000000000000000000e+00 0.000000000000000000e+00 2.667952772179829624e-02 9.394797583866100477e-02 -2.708550361907263726e-02 0.000000000000000000e+00 9.394797583866101864e-02 -1.671163794638781397e+01 0.000000000000000000e+00
2.667952772179829624e-02 -6.726844811686269465e-02 -9.837831405009757335e-02 -9.955473578692834724e-02 5.812806472106635258e-02 1.212875021433190009e-01 -6.726844811686269465e-02 0.000000000000000000e+00 0.000000000000000000e+00 2.667952772179829624e-02 9.394797583866100477e-02 0.000000000000000000e+00 -2.708550361907263726e-02 9.394797583866099089e-02 0.000000000000000000e+00 -1.671163794638781042e+01
