counts:[1, 2, 3, 4, 5, 6, 7, 8, 9, 10, 11, 12, 13, 14, 15, 16, 17, 18, 19, 20, 21, 22, 23, 24, 25, 26, 27, 28, 29, 30, 31, 32, 33, 34, 35, 36, 37, 38, 39, 40, 41, 42, 43, 44, 45]
 energies:[-15.548294311512374, -15.316083371761783, -15.30378544647113, -15.20621194669427, -15.315469672045838, -15.391015134678776, -15.550915610129055, -15.525879451216396, -15.551024448037468, -15.536869356045296, -15.532231124787577, -15.540249609624498, -15.526937708097345, -15.579808893221697, -15.566675942467375, -15.55623938775827, -15.567448409229096, -15.55462418951012, -15.556692211032692, -15.571626339458296, -15.565890462513513, -15.57094299912733, -15.564351985556398, -15.566448664822572, -15.56875282270119, -15.578622506027601, -15.565956032850762, -15.578384823657862, -15.577639817557591, -15.562672031755485, -15.561045649464505, -15.552221036351392, -15.541920081401473, -15.546801098126258, -15.565303194587143, -15.567547001852857, -15.570654998972488, -15.563847079089003, -15.566412486405975, -15.544676878522457, -15.54573054703632, -15.549693577939985, -15.550386041107226, -15.566574476285053, -15.571282545193268]
 std_values:[0.000938937995527336, 0.00255184350591497, 0.002591662071889167, 0.0035731297182402854, 0.0025536010814232613, 0.0029747225025640914, 0.0017244383793795115, 0.0018623094554579063, 0.001756780508933407, 0.002029351648041751, 0.0020329745850337483, 0.0017839150170256561, 0.002109972338326077, 0.0011313925046244062, 0.0012010887689929304, 0.001547853022476242, 0.001399691020433421, 0.0016965246234610693, 0.0016246216134309687, 0.0012921237001308652, 0.001343837467667618, 0.0013524652420865454, 0.001420514864279588, 0.0013622927124319244, 0.0013652221671398357, 0.0011637620445398241, 0.0013798760141292856, 0.0011696424218931199, 0.0012016990297124958, 0.0014965940266881493, 0.0015077639354388814, 0.0016504287731623991, 0.0017891857245505907, 0.0017665878346015973, 0.0014386390942238115, 0.0014202012860204001, 0.0013196158296874228, 0.0014702930129700683, 0.0014359199942454782, 0.0017927366334588456, 0.0017824393725828056, 0.0017250894677383645, 0.001702532770427972, 0.0014202555197946273, 0.0013267676885607342]
 ci_ground energy:-15.572918556150869