counts:[1, 2, 3, 4, 5, 6, 7, 8, 9, 10, 11, 12, 13, 14, 15, 16, 17, 18, 19, 20, 21, 22, 23, 24, 25, 26, 27, 28, 29, 30, 31, 32, 33, 34, 35, 36, 37, 38, 39, 40, 41, 42, 43, 44, 45, 46, 47, 48, 49, 50, 51, 52, 53, 54, 55, 56, 57, 58, 59, 60, 61, 62, 63, 64, 65, 66, 67, 68, 69, 70, 71, 72, 73, 74, 75, 76, 77, 78, 79, 80, 81, 82, 83, 84, 85, 86, 87, 88, 89, 90, 91, 92, 93, 94, 95, 96, 97, 98, 99, 100]
 energies:[-7.705753340456878, -7.54824635603654, -7.54198068412747, -7.325369554058069, -7.672326056956896, -7.672326056956896, -7.54824635603654, -7.325369554058069, -7.54824635603654, -7.54198068412747, -7.375727876182438, -7.649155374541692, -7.695568239904162, -7.711495319541083, -7.700201515960643, -7.710635556035541, -7.7132006224602545, -7.709556159948846, -7.685283182622397, -7.711172877505744, -7.695228102569493, -7.704342681584638, -7.7104362759449, -7.713343991123285, -7.712335921068085, -7.7140676679319355, -7.707515420067837, -7.711559637388337, -7.719653392626071, -7.719076507451261, -7.7206599755244625, -7.720383412089355, -7.719079832845134, -7.72014910359607, -7.720424720023988, -7.720343799696229, -7.717768287132593, -7.720383681124094, -7.721016782973647, -7.7200170906115115, -7.720383103193376, -7.7210866937883225, -7.721271050952479, -7.721163858006445, -7.720670980987627, -7.7214494343170195, -7.721629965567283, -7.7216518151576565, -7.721555419841248, -7.720884950000144, -7.721626275512216, -7.721713782250392, -7.721648772667331, -7.722044366647381, -7.722048076544391, -7.7220339444886985, -7.721812789508272, -7.7216864521334845, -7.721933506418509, -7.722020487506446, -7.72207935978982, -7.722189930572403, -7.722243689005875, -7.722251731834051, -7.722228860807059, -7.7222036782309615, -7.7222573316291925, -7.722223834688641, -7.722352013543315, -7.722399431201016, -7.7224103105668185, -7.722441402479289, -7.722402769576494, -7.722459385941571, -7.722447952676287, -7.722403733771577, -7.722497088558351, -7.722460757826855, -7.72246274731992, -7.722481323356783, -7.722487148208929, -7.7224939133728085, -7.722484698331074, -7.722494277631748, -7.722489388616909, -7.722482963211453, -7.722496423153691, -7.722501300939953, -7.722501639711929, -7.72251067545977, -7.722519268631713, -7.722524016464552, -7.722529214734667, -7.7225262656990985, -7.722528546131027, -7.7225367233612445, -7.7225418529742615, -7.722537566600748, -7.722543924828496, -7.7225441479100745]
 std_values:[0.0, 0.0, 0.0, 0.0, 0.0, 0.0, 0.0, 0.0, 0.0, 0.0, 0.0, 0.0, 0.0, 0.0, 0.0, 0.0, 0.0, 0.0, 0.0, 0.0, 0.0, 0.0, 0.0, 0.0, 0.0, 0.0, 0.0, 0.0, 0.0, 0.0, 0.0, 0.0, 0.0, 0.0, 0.0, 0.0, 0.0, 0.0, 0.0, 0.0, 0.0, 0.0, 0.0, 0.0, 0.0, 0.0, 0.0, 0.0, 0.0, 0.0, 0.0, 0.0, 0.0, 0.0, 0.0, 0.0, 0.0, 0.0, 0.0, 0.0, 0.0, 0.0, 0.0, 0.0, 0.0, 0.0, 0.0, 0.0, 0.0, 0.0, 0.0, 0.0, 0.0, 0.0, 0.0, 0.0, 0.0, 0.0, 0.0, 0.0, 0.0, 0.0, 0.0, 0.0, 0.0, 0.0, 0.0, 0.0, 0.0, 0.0, 0.0, 0.0, 0.0, 0.0, 0.0, 0.0, 0.0, 0.0, 0.0, 0.0]
 ci_ground energy:-7.72257187738073