counts:[1, 2, 3, 4, 5, 6, 7, 8, 9, 10, 11, 12, 13, 14, 15, 16, 17, 18, 19, 20, 21, 22, 23, 24, 25, 26, 27, 28, 29, 30, 31, 32, 33, 34, 35, 36, 37, 38, 39, 40, 41, 42, 43, 44, 45, 46, 47, 48, 49]
 energies:[-55.45506705501367, -54.782105376890655, -54.95369154815309, -54.95200588167543, -54.9477258026331, -55.08589668469118, -55.41150559705437, -55.4276556259546, -55.450279556992626, -55.43666837375737, -55.38601623332069, -55.47442590895585, -55.468686713250605, -55.477061191963315, -55.46918622954563, -55.47781528120059, -55.473904974520664, -55.475964255937896, -55.47950534437166, -55.477847008173256, -55.47949507397129, -55.48083108254673, -55.48042160706656, -55.4789765198869, -55.47893268516107, -55.47960435530068, -55.47897306747093, -55.47897630667927, -55.477490246892316, -55.480664730396285, -55.478848947229835, -55.47759991863397, -55.48089925272444, -55.479008145178724, -55.47800499102797, -55.47937437922701, -55.477745752837535, -55.47724155630944, -55.47801248909802, -55.47977808258777, -55.47936730584158, -55.479402755530515, -55.47934088892289, -55.47835899129777, -55.478139020461896, -55.48005525455885, -55.47902745146696, -55.47993475128129, -55.48019899049888]
 std_values:[0.0006436764102838157, 0.0034734472378469324, 0.0023075496274001855, 0.0023088654944798904, 0.0023159188065592167, 0.0027186147179549614, 0.0017598203683726753, 0.0011425744898890284, 0.0007322303906083769, 0.0007619136985809213, 0.0009361193837333524, 0.0007962775606794847, 0.0010754690048987321, 0.0007865557037829498, 0.0010181631497105672, 0.0008075712142813994, 0.0007751223441977716, 0.0008834347316702785, 0.0008660142845617671, 0.0009323828573812776, 0.0008973906830126028, 0.0008371786558182135, 0.0008749254833709669, 0.0008558539893613259, 0.0008500235995366606, 0.000813092927161613, 0.0008519023946654839, 0.000849725679162875, 0.0008618216919815243, 0.0008351609014431448, 0.0008553641663198034, 0.0008693339265638566, 0.0008422206606898559, 0.0008628105652744545, 0.0008681763390453646, 0.0008507443803281202, 0.000858531477949024, 0.0008553190338528952, 0.0008652235814245028, 0.000854223392343641, 0.0008507906429082509, 0.0008366838170827205, 0.000849926965392058, 0.0008567796378377466, 0.0008700383737842487, 0.0008428962692415416, 0.0008541102463441354, 0.0008344829000340063, 0.0008389040046703408]
 ci_ground energy:-55.48028492230587