-8.038252853436599565e+00 1.461736820630157307e-01 7.531520040836441054e-02 7.531520040836438279e-02 -1.036116320518587486e-08 -1.036116320518587486e-08 -4.046974200200281757e-09 -4.046974200200281757e-09
1.461736820630157307e-01 -7.899459859693972241e+00 -7.363494793615621425e-02 -7.363494793615621425e-02 8.210087241955149606e-02 8.210087241955149606e-02 -7.840025658149786525e-02 -7.840025658149786525e-02
7.531520040836441054e-02 -7.363494793615621425e-02 -7.810338318329387519e+00 6.922973753721237133e-02 -7.840025658149785137e-02 1.593790297371780462e-02 1.408795856120931000e-01 -1.700500227307458895e-02
7.531520040836438279e-02 -7.363494793615621425e-02 6.922973753721237133e-02 -7.810338318329390184e+00 1.593790297371780462e-02 -7.840025658149785137e-02 -1.700500227307458548e-02 1.408795856120931278e-01
-1.036116320518587486e-08 8.210087241955149606e-02 -7.840025658149785137e-02 1.593790297371780462e-02 -8.005503096392001083e+00 1.461736820630157030e-01 -3.990399062848877521e-03 7.531520040836439667e-02
-1.036116320518587486e-08 8.210087241955149606e-02 1.593790297371780462e-02 -7.840025658149785137e-02 1.461736820630157030e-01 -8.005503096391999307e+00 7.531520040836439667e-02 -3.990399062848870582e-03
-4.046974200200281757e-09 -7.840025658149786525e-02 1.408795856120931000e-01 -1.700500227307458548e-02 -3.990399062848877521e-03 7.531520040836439667e-02 -7.924085525598510316e+00 6.604629738848995235e-02
-4.046974200200281757e-09 -7.840025658149786525e-02 -1.700500227307458895e-02 1.408795856120931278e-01 7.531520040836439667e-02 -3.990399062848870582e-03 6.604629738848995235e-02 -7.924085525598510316e+00
