-8.921712042878324311e+00 1.229533091128671429e-01 3.349344476256124054e-02 3.349344476256119196e-02 2.334373500056940998e-09 2.334373500056940998e-09 1.213862678412538226e-02 2.398704367361711651e-02
1.229533091128671429e-01 -7.818871009043853348e+00 -2.482023687946108975e-02 -2.482023687946109322e-02 -3.105776387080077389e-02 -3.105776387080074266e-02 2.630297840480193619e-02 1.947321020085892099e-02
3.349344476256124054e-02 -2.482023687946108975e-02 -8.177866863085903049e+00 2.630297840480197782e-02 -8.444550065301759112e-03 1.417066659649700022e-01 -1.044260379399822997e-01 1.386556744943009782e-02
3.349344476256119196e-02 -2.482023687946109322e-02 2.630297840480197782e-02 -8.177866863085904825e+00 1.417066659649700022e-01 -8.444550065301771255e-03 -1.044260379399822997e-01 1.386556744943009435e-02
2.334373500056940998e-09 -3.105776387080077389e-02 -8.444550065301759112e-03 1.417066659649700022e-01 -8.763644002275352562e+00 1.213862678412538573e-02 5.309717681838270475e-02 1.921012789143284466e-02
2.334373500056940998e-09 -3.105776387080074266e-02 1.417066659649700022e-01 -8.444550065301771255e-03 1.213862678412538573e-02 -8.763644002275349010e+00 5.309717681838270475e-02 1.921012789143285160e-02
1.213862678412538226e-02 2.630297840480193619e-02 -1.044260379399822997e-01 -1.044260379399822997e-01 5.309717681838270475e-02 5.309717681838270475e-02 -8.225725341773980404e+00 4.131527700040317497e-02
2.398704367361711651e-02 1.947321020085892099e-02 1.386556744943009782e-02 1.386556744943009435e-02 1.921012789143284466e-02 1.921012789143285160e-02 4.131527700040317497e-02 -8.252455011604437729e+00
