counts:[1, 2]
 energies:[-55.45416453231136, -55.01848892587818]
 std_values:[0.0, 0.0]
 ci_ground energy:-55.517555009641335