counts:[1, 2, 3, 4, 5, 6, 7, 8, 9, 10, 11, 12, 13, 14, 15, 16, 17, 18, 19, 20]
 energies:[-15.561230083636945, -15.219664328447847, -15.358185883211094, -15.528965636518633, -15.522117768212416, -15.567427681700794, -15.563520145242057, -15.567276919211947, -15.567268179930485, -15.567399058682819, -15.567409496022362, -15.567103575466623, -15.567627027885182, -15.567502854746204, -15.568068268645762, -15.566816180737076, -15.566727187031473, -15.567139652609269, -15.56758772584561, -15.567550018308095]
 std_values:[0.00026330562459978777, 0.0015812109233783386, 0.0015833855737667647, 0.000924276781063874, 0.0005272813721912976, 0.0003500888783668372, 0.0005283128513285292, 0.0004266035654874104, 0.0003044750035749032, 0.00036055220674316836, 0.00033216659600945187, 0.000354370163721564, 0.0003340044429462147, 0.0003369777087958893, 0.0003266245746802334, 0.00034481164778807924, 0.00034666719218374764, 0.00034492173132899187, 0.00032998702263143173, 0.00033591806828088886]
 ci_ground energy:-15.567106581854128