counts:[1, 2, 3, 4, 5, 6, 7, 8, 9, 10, 11, 12, 13, 14, 15, 16, 17, 18, 19, 20, 21, 22, 23]
 energies:[-74.96244075059259, -74.41013543699783, -74.66629417888429, -74.9224422681419, -74.89609490585988, -74.9742170746187, -74.97140907365004, -74.97463871948862, -74.97347985354811, -74.97487579627568, -74.97488453985864, -74.97480328385393, -74.97490376127024, -74.97490871115765, -74.97489938944538, -74.97490583424769, -74.97490881164902, -74.97490852740366, -74.97490887014898, -74.9749088729004, -74.97490885793353, -74.97490887851417, -74.97490887477493]
 std_values:[0.0, 0.0, 0.0, 0.0, 0.0, 0.0, 0.0, 0.0, 0.0, 0.0, 0.0, 0.0, 0.0, 0.0, 0.0, 0.0, 0.0, 0.0, 0.0, 0.0, 0.0, 0.0, 0.0]
 ci_ground energy:-74.97490887856112