-9.073132036502180142e+00 1.218777055234715329e-01 3.167416195941948065e-02 3.167416195941948759e-02 1.279975687940027029e-09 1.279975687940027029e-09 2.518743249051825367e-02 2.518743249051826061e-02
1.218777055234715329e-01 -7.868486249130078214e+00 -2.687853202452902129e-02 -2.687853202452902129e-02 -2.990241723498783533e-02 -2.990241723498786655e-02 1.843057532310824961e-02 1.843057532310826696e-02
3.167416195941948065e-02 -2.687853202452902129e-02 -8.270639500702261060e+00 2.641951365704992005e-02 -6.824764386310973319e-03 1.459743165293916067e-01 1.380586227182606894e-02 1.380586227182607241e-02
3.167416195941948759e-02 -2.687853202452902129e-02 2.641951365704992005e-02 -8.270639500702262836e+00 1.459743165293915790e-01 -6.824764386311042708e-03 1.380586227182606027e-02 1.380586227182606374e-02
1.279975687940027029e-09 -2.990241723498783533e-02 -6.824764386310973319e-03 1.459743165293915790e-01 -8.908563151937054059e+00 1.071288885092435902e-02 1.919817395989600536e-02 1.919817395989600189e-02
1.279975687940027029e-09 -2.990241723498786655e-02 1.459743165293916067e-01 -6.824764386311042708e-03 1.071288885092435902e-02 -8.908563151937052282e+00 1.919817395989600189e-02 1.919817395989600536e-02
2.518743249051825367e-02 1.843057532310824961e-02 1.380586227182606894e-02 1.380586227182606027e-02 1.919817395989600536e-02 1.919817395989600189e-02 -8.402017251307501766e+00 1.686913951369109835e-02
2.518743249051826061e-02 1.843057532310826696e-02 1.380586227182607241e-02 1.380586227182606374e-02 1.919817395989600189e-02 1.919817395989600536e-02 1.686913951369109835e-02 -8.402017251307503543e+00
