counts=[1, 2, 3, 4, 5, 6, 7, 8, 9, 10, 11, 12, 13, 14, 15, 16, 17, 18, 19, 20, 21, 22, 23, 24, 25, 26, 27, 28, 29, 30, 31, 32, 33, 34, 35, 36, 37, 38, 39, 40, 41, 42, 43, 44, 45, 46, 47, 48, 49, 50, 51, 52, 53, 54, 55]
energies=[-77.07316970375376, -76.65961526179501, -76.6565459524139, -76.78005949420148, -76.65555728047758, -76.7385654810704, -77.03463930072365, -77.04753370968098, -77.0801816587167, -77.06647373973726, -77.0133333828013, -77.10498325575114, -77.10865568579439, -77.1082401547269, -77.10698269931729, -77.11176613418172, -77.10681579150196, -77.11630797466648, -77.11730632264516, -77.12147402731753, -77.11828233059813, -77.12013764845841, -77.12065617510757, -77.12215632925478, -77.11867012376942, -77.11887838105957, -77.12246434959107, -77.1199428654021, -77.1220747592102, -77.12072581974203, -77.12348050145332, -77.12180886520525, -77.12010345081868, -77.12283336325993, -77.12313555324945, -77.12188120272921, -77.12133360631702, -77.12187653591366, -77.12199099649018, -77.12124868395617, -77.12077299397822, -77.12249489735873, -77.11998213213027, -77.11968187688763, -77.12202035823447, -77.11978190420638, -77.12152811098852, -77.12029268725618, -77.1217564187246, -77.12217340182315, -77.12151674559092, -77.12065072293913, -77.12244855546118, -77.12069710593278, -77.12267981364741]
std_values=[0.0006791855770377742, 0.002018523900367724, 0.0020267911828656194, 0.001007459492890396, 0.0020285731993420937, 0.002196998104719365, 0.0014585311438816222, 0.0009118773990833714, 0.0007088139999459389, 0.0007152620139511463, 0.0010994941111522611, 0.0007214513149430955, 0.0008176017999604732, 0.0008117686010261855, 0.0009549328429969829, 0.0007884433765577112, 0.0007941130213337948, 0.0008211323996012267, 0.000804126920338046, 0.0008423122655489193, 0.0009041768895896535, 0.0008728154756900002, 0.0008301501040900813, 0.0008564162546204623, 0.0008490612741373936, 0.0008629555540685417, 0.0008497065770582519, 0.0008838050912806966, 0.0008584838932083337, 0.0008404926751744568, 0.0008461153523493259, 0.0008610508676037365, 0.0008636158789237354, 0.0008396797280158798, 0.0008413716922175962, 0.0008511102900764125, 0.0008544958397364534, 0.0008566129609660644, 0.0008568459402015647, 0.0008544623859514585, 0.0008482092540215886, 0.0008507020013940841, 0.0008615495349145532, 0.0008552596221409754, 0.0008465988489523821, 0.0008552988176737472, 0.000847571668478423, 0.0008573166760550422, 0.0008475723491685541, 0.0008526264619346479, 0.0008504179014067432, 0.0008577085676194324, 0.0008426084538150979, 0.0008534278783644747, 0.0008483712546840062]
ci_ground_energy=-77.1231136165595