-8.921712042878324311e+00 1.229533091128671429e-01 3.349344476256124054e-02 3.349344476256119196e-02 2.334373500056940998e-09 2.334373500056940998e-09 1.213862678412538226e-02 2.398704367361711651e-02 2.398704367361710263e-02 2.151295362641880010e-02 7.576591971899394005e-03 7.576591971899393138e-03 7.576591971899400944e-03 7.576591971899400077e-03 4.427260058559312483e-09 4.427260058559312483e-09 9.819227305988800086e-03 9.819227305988807025e-03 -1.976304977390810555e-03 -1.976304977390810555e-03 7.241241610284143357e-03 -1.239051410296657021e-03 -1.239051410296652684e-03 0.000000000000000000e+00 0.000000000000000000e+00 0.000000000000000000e+00 0.000000000000000000e+00 -1.613817773860048987e-09 -1.613817777329495939e-09 0.000000000000000000e+00 0.000000000000000000e+00 0.000000000000000000e+00
1.229533091128671429e-01 -7.818871009043853348e+00 -2.482023687946108975e-02 -2.482023687946109322e-02 -3.105776387080077389e-02 -3.105776387080074266e-02 2.630297840480193619e-02 1.947321020085892099e-02 1.947321020085891058e-02 0.000000000000000000e+00 0.000000000000000000e+00 0.000000000000000000e+00 0.000000000000000000e+00 0.000000000000000000e+00 -8.232166006561805749e-03 -8.232166006561805749e-03 0.000000000000000000e+00 0.000000000000000000e+00 -7.372535670941776035e-04 -7.372535670941444269e-04 1.469782591052571155e-02 -4.265532951336211895e-03 -4.265532951336211895e-03 -5.992816990008290393e-03 -5.992816990008287791e-03 -5.992816990008296464e-03 -5.992816990008295597e-03 5.756180114884540747e-03 5.756180114884565033e-03 2.151295362641880010e-02 4.504351143392098730e-03 4.504351143392103934e-03
3.349344476256124054e-02 -2.482023687946108975e-02 -8.177866863085903049e+00 2.630297840480197782e-02 -8.444550065301759112e-03 1.417066659649700022e-01 -1.044260379399822997e-01 1.386556744943009782e-02 1.386556744943008568e-02 0.000000000000000000e+00 0.000000000000000000e+00 0.000000000000000000e+00 0.000000000000000000e+00 0.000000000000000000e+00 4.773747506919622657e-03 -3.105776387080077736e-02 0.000000000000000000e+00 0.000000000000000000e+00 -2.338231703300767581e-04 4.200875789900980310e-04 0.000000000000000000e+00 1.502602114711876213e-02 0.000000000000000000e+00 -1.024333515975499667e-02 0.000000000000000000e+00 -1.024333515975500708e-02 0.000000000000000000e+00 3.659576304579571088e-03 0.000000000000000000e+00 -1.267032848086714755e-03 -1.697132155970140777e-02 4.182683675210669902e-03
3.349344476256119196e-02 -2.482023687946109322e-02 2.630297840480197782e-02 -8.177866863085904825e+00 1.417066659649700022e-01 -8.444550065301771255e-03 -1.044260379399822997e-01 1.386556744943009435e-02 1.386556744943008221e-02 0.000000000000000000e+00 0.000000000000000000e+00 0.000000000000000000e+00 0.000000000000000000e+00 0.000000000000000000e+00 -3.105776387080077042e-02 4.773747506919622657e-03 0.000000000000000000e+00 0.000000000000000000e+00 4.200875789901207993e-04 -2.338231703300774900e-04 0.000000000000000000e+00 0.000000000000000000e+00 1.502602114711876213e-02 0.000000000000000000e+00 -1.024333515975499494e-02 0.000000000000000000e+00 -1.024333515975500708e-02 0.000000000000000000e+00 3.659576304579572389e-03 -1.267032848086725597e-03 4.182683675210661228e-03 -1.697132155970140777e-02
2.334373500056940998e-09 -3.105776387080077389e-02 -8.444550065301759112e-03 1.417066659649700022e-01 -8.763644002275352562e+00 1.213862678412538573e-02 5.309717681838270475e-02 1.921012789143284466e-02 1.921012789143283078e-02 -1.154356612746970309e-02 0.000000000000000000e+00 1.024333515975499494e-02 0.000000000000000000e+00 1.024333515975500708e-02 -1.744221312862112919e-02 3.349344476256119196e-02 0.000000000000000000e+00 0.000000000000000000e+00 -1.685333115314319868e-02 0.000000000000000000e+00 0.000000000000000000e+00 0.000000000000000000e+00 -1.560150218165076014e-02 0.000000000000000000e+00 0.000000000000000000e+00 0.000000000000000000e+00 0.000000000000000000e+00 -5.504584361632867615e-03 -1.239051410296651383e-03 0.000000000000000000e+00 -1.239051410296657021e-03 -1.976304977390810555e-03
2.334373500056940998e-09 -3.105776387080074266e-02 1.417066659649700022e-01 -8.444550065301771255e-03 1.213862678412538573e-02 -8.763644002275349010e+00 5.309717681838270475e-02 1.921012789143285160e-02 1.921012789143283425e-02 -1.154356612746971870e-02 1.024333515975499667e-02 0.000000000000000000e+00 1.024333515975500708e-02 0.000000000000000000e+00 3.349344476256126135e-02 -1.744221312862112572e-02 0.000000000000000000e+00 0.000000000000000000e+00 0.000000000000000000e+00 -1.685333115314319868e-02 0.000000000000000000e+00 -1.560150218165076014e-02 0.000000000000000000e+00 0.000000000000000000e+00 0.000000000000000000e+00 0.000000000000000000e+00 0.000000000000000000e+00 -1.239051410296655286e-03 -5.504584361632867615e-03 0.000000000000000000e+00 -1.976304977390810555e-03 -1.239051410296652684e-03
1.213862678412538226e-02 2.630297840480193619e-02 -1.044260379399822997e-01 -1.044260379399822997e-01 5.309717681838270475e-02 5.309717681838270475e-02 -8.225725341773980404e+00 4.131527700040317497e-02 4.131527700040313333e-02 1.469782591052571155e-02 0.000000000000000000e+00 0.000000000000000000e+00 0.000000000000000000e+00 0.000000000000000000e+00 -8.444550065301797276e-03 -8.444550065301795541e-03 0.000000000000000000e+00 0.000000000000000000e+00 -1.239051410296655286e-03 -1.239051410296651383e-03 0.000000000000000000e+00 -5.504584361632867615e-03 -5.504584361632867615e-03 0.000000000000000000e+00 0.000000000000000000e+00 0.000000000000000000e+00 0.000000000000000000e+00 0.000000000000000000e+00 0.000000000000000000e+00 7.241241610284143357e-03 -3.245483172097618496e-02 -3.245483172097618496e-02
2.398704367361711651e-02 1.947321020085892099e-02 1.386556744943009782e-02 1.386556744943009435e-02 1.921012789143284466e-02 1.921012789143285160e-02 4.131527700040317497e-02 -8.252455011604437729e+00 1.686913951369105671e-02 0.000000000000000000e+00 0.000000000000000000e+00 0.000000000000000000e+00 2.401548133122773099e-02 2.401548133122775874e-02 1.951896209926650902e-02 1.951896209926651596e-02 0.000000000000000000e+00 1.469782591052571155e-02 0.000000000000000000e+00 0.000000000000000000e+00 0.000000000000000000e+00 0.000000000000000000e+00 0.000000000000000000e+00 0.000000000000000000e+00 0.000000000000000000e+00 -2.412985404613379042e-02 -2.412985404613379042e-02 0.000000000000000000e+00 0.000000000000000000e+00 0.000000000000000000e+00 0.000000000000000000e+00 0.000000000000000000e+00
2.398704367361710263e-02 1.947321020085891058e-02 1.386556744943008568e-02 1.386556744943008221e-02 1.921012789143283078e-02 1.921012789143283425e-02 4.131527700040313333e-02 1.686913951369105671e-02 -8.252455011604435953e+00 0.000000000000000000e+00 2.401548133122773099e-02 2.401548133122773099e-02 0.000000000000000000e+00 0.000000000000000000e+00 1.951896209926649167e-02 1.951896209926649861e-02 1.469782591052571155e-02 0.000000000000000000e+00 0.000000000000000000e+00 0.000000000000000000e+00 0.000000000000000000e+00 0.000000000000000000e+00 0.000000000000000000e+00 -2.412985404613378349e-02 -2.412985404613378349e-02 0.000000000000000000e+00 0.000000000000000000e+00 0.000000000000000000e+00 0.000000000000000000e+00 0.000000000000000000e+00 0.000000000000000000e+00 0.000000000000000000e+00
2.151295362641880010e-02 0.000000000000000000e+00 0.000000000000000000e+00 0.000000000000000000e+00 -1.154356612746970309e-02 -1.154356612746971870e-02 1.469782591052571155e-02 0.000000000000000000e+00 0.000000000000000000e+00 -3.613899775107400902e+00 0.000000000000000000e+00 0.000000000000000000e+00 0.000000000000000000e+00 0.000000000000000000e+00 0.000000000000000000e+00 0.000000000000000000e+00 4.131527700040313333e-02 4.131527700040317497e-02 -7.372535670941760856e-04 -7.372535670941678457e-04 2.630297840480198476e-02 -4.265532951336200619e-03 -4.265532951336217966e-03 0.000000000000000000e+00 0.000000000000000000e+00 0.000000000000000000e+00 0.000000000000000000e+00 -4.504351143392111741e-03 -4.504351143392090924e-03 1.229533091128671429e-01 -5.756180114884545083e-03 -5.756180114884542481e-03
7.576591971899394005e-03 0.000000000000000000e+00 0.000000000000000000e+00 0.000000000000000000e+00 0.000000000000000000e+00 1.024333515975499667e-02 0.000000000000000000e+00 0.000000000000000000e+00 2.401548133122773099e-02 0.000000000000000000e+00 -6.570498144037834720e+00 1.469782591052571502e-02 1.686913951369106018e-02 0.000000000000000000e+00 0.000000000000000000e+00 5.992816990008290393e-03 -1.000948294297735325e-01 0.000000000000000000e+00 0.000000000000000000e+00 0.000000000000000000e+00 0.000000000000000000e+00 1.386556744943008568e-02 0.000000000000000000e+00 -1.140671031203909086e-01 -8.137159322697077105e-03 0.000000000000000000e+00 0.000000000000000000e+00 1.951896209926649167e-02 0.000000000000000000e+00 0.000000000000000000e+00 0.000000000000000000e+00 0.000000000000000000e+00
7.576591971899393138e-03 0.000000000000000000e+00 0.000000000000000000e+00 0.000000000000000000e+00 1.024333515975499494e-02 0.000000000000000000e+00 0.000000000000000000e+00 0.000000000000000000e+00 2.401548133122773099e-02 0.000000000000000000e+00 1.469782591052571502e-02 -6.570498144037834720e+00 0.000000000000000000e+00 1.686913951369106018e-02 5.992816990008291260e-03 0.000000000000000000e+00 -1.000948294297735325e-01 0.000000000000000000e+00 0.000000000000000000e+00 0.000000000000000000e+00 0.000000000000000000e+00 0.000000000000000000e+00 1.386556744943008221e-02 -8.137159322697101391e-03 -1.140671031203909086e-01 0.000000000000000000e+00 0.000000000000000000e+00 0.000000000000000000e+00 1.951896209926649861e-02 0.000000000000000000e+00 0.000000000000000000e+00 0.000000000000000000e+00
7.576591971899400944e-03 0.000000000000000000e+00 0.000000000000000000e+00 0.000000000000000000e+00 0.000000000000000000e+00 1.024333515975500708e-02 0.000000000000000000e+00 2.401548133122773099e-02 0.000000000000000000e+00 0.000000000000000000e+00 1.686913951369106018e-02 0.000000000000000000e+00 -6.570498144037836497e+00 1.469782591052571502e-02 0.000000000000000000e+00 5.992816990008295597e-03 0.000000000000000000e+00 -1.000948294297735186e-01 0.000000000000000000e+00 0.000000000000000000e+00 0.000000000000000000e+00 1.386556744943009956e-02 0.000000000000000000e+00 0.000000000000000000e+00 0.000000000000000000e+00 -1.140671031203909086e-01 -8.137159322697077105e-03 1.951896209926650902e-02 0.000000000000000000e+00 0.000000000000000000e+00 0.000000000000000000e+00 0.000000000000000000e+00
7.576591971899400077e-03 0.000000000000000000e+00 0.000000000000000000e+00 0.000000000000000000e+00 1.024333515975500708e-02 0.000000000000000000e+00 0.000000000000000000e+00 2.401548133122775874e-02 0.000000000000000000e+00 0.000000000000000000e+00 0.000000000000000000e+00 1.686913951369106018e-02 1.469782591052571502e-02 -6.570498144037836497e+00 5.992816990008296464e-03 0.000000000000000000e+00 0.000000000000000000e+00 -1.000948294297735186e-01 0.000000000000000000e+00 0.000000000000000000e+00 0.000000000000000000e+00 0.000000000000000000e+00 1.386556744943009609e-02 0.000000000000000000e+00 0.000000000000000000e+00 -8.137159322697101391e-03 -1.140671031203909086e-01 0.000000000000000000e+00 1.951896209926651596e-02 0.000000000000000000e+00 0.000000000000000000e+00 0.000000000000000000e+00
4.427260058559312483e-09 -8.232166006561805749e-03 4.773747506919622657e-03 -3.105776387080077042e-02 -1.744221312862112919e-02 3.349344476256126135e-02 -8.444550065301797276e-03 1.951896209926650902e-02 1.951896209926649167e-02 0.000000000000000000e+00 0.000000000000000000e+00 5.992816990008291260e-03 0.000000000000000000e+00 5.992816990008296464e-03 -8.388258353124948385e+00 1.229533091128671290e-01 0.000000000000000000e+00 0.000000000000000000e+00 2.119638014695918171e-03 0.000000000000000000e+00 -8.137159322697075370e-03 3.659576304579565016e-03 4.182683675210669902e-03 -7.576591971899394005e-03 0.000000000000000000e+00 -7.576591971899400944e-03 0.000000000000000000e+00 -3.901709777745038243e-03 4.200875789900980310e-04 0.000000000000000000e+00 -2.338231703300822333e-04 0.000000000000000000e+00
4.427260058559312483e-09 -8.232166006561805749e-03 -3.105776387080077736e-02 4.773747506919622657e-03 3.349344476256119196e-02 -1.744221312862112572e-02 -8.444550065301795541e-03 1.951896209926651596e-02 1.951896209926649861e-02 0.000000000000000000e+00 5.992816990008290393e-03 0.000000000000000000e+00 5.992816990008295597e-03 0.000000000000000000e+00 1.229533091128671290e-01 -8.388258353124948385e+00 0.000000000000000000e+00 0.000000000000000000e+00 0.000000000000000000e+00 2.119638014695945927e-03 -8.137159322697090982e-03 4.182683675210661228e-03 3.659576304579568919e-03 0.000000000000000000e+00 -7.576591971899393138e-03 0.000000000000000000e+00 -7.576591971899400077e-03 4.200875789901207993e-04 -3.901709777745038243e-03 0.000000000000000000e+00 0.000000000000000000e+00 -2.338231703300800920e-04
9.819227305988800086e-03 0.000000000000000000e+00 0.000000000000000000e+00 0.000000000000000000e+00 0.000000000000000000e+00 0.000000000000000000e+00 0.000000000000000000e+00 0.000000000000000000e+00 1.469782591052571155e-02 4.131527700040313333e-02 -1.000948294297735325e-01 -1.000948294297735325e-01 0.000000000000000000e+00 0.000000000000000000e+00 0.000000000000000000e+00 0.000000000000000000e+00 -3.495022823623505470e+00 1.686913951369106018e-02 0.000000000000000000e+00 0.000000000000000000e+00 1.947321020085891058e-02 0.000000000000000000e+00 0.000000000000000000e+00 -5.756180114884545083e-03 -5.756180114884542481e-03 0.000000000000000000e+00 0.000000000000000000e+00 5.992816990008291260e-03 5.992816990008290393e-03 0.000000000000000000e+00 0.000000000000000000e+00 0.000000000000000000e+00
9.819227305988807025e-03 0.000000000000000000e+00 0.000000000000000000e+00 0.000000000000000000e+00 0.000000000000000000e+00 0.000000000000000000e+00 0.000000000000000000e+00 1.469782591052571155e-02 0.000000000000000000e+00 4.131527700040317497e-02 0.000000000000000000e+00 0.000000000000000000e+00 -1.000948294297735186e-01 -1.000948294297735186e-01 0.000000000000000000e+00 0.000000000000000000e+00 1.686913951369106018e-02 -3.495022823623506358e+00 0.000000000000000000e+00 0.000000000000000000e+00 1.947321020085892793e-02 0.000000000000000000e+00 0.000000000000000000e+00 0.000000000000000000e+00 0.000000000000000000e+00 -5.756180114884545083e-03 -5.756180114884542481e-03 5.992816990008296464e-03 5.992816990008295597e-03 0.000000000000000000e+00 0.000000000000000000e+00 0.000000000000000000e+00
-1.976304977390810555e-03 -7.372535670941776035e-04 -2.338231703300767581e-04 4.200875789901207993e-04 -1.685333115314319868e-02 0.000000000000000000e+00 -1.239051410296655286e-03 0.000000000000000000e+00 0.000000000000000000e+00 -7.372535670941760856e-04 0.000000000000000000e+00 0.000000000000000000e+00 0.000000000000000000e+00 0.000000000000000000e+00 2.119638014695918171e-03 0.000000000000000000e+00 0.000000000000000000e+00 0.000000000000000000e+00 -6.325316254092939516e+00 0.000000000000000000e+00 -1.239051410296651383e-03 1.213862678412538573e-02 7.241241610284139020e-03 1.921012789143283078e-02 0.000000000000000000e+00 1.921012789143284466e-02 0.000000000000000000e+00 -1.098920418539459098e-02 0.000000000000000000e+00 -1.976304977390810555e-03 -4.933596996558736736e-04 0.000000000000000000e+00
-1.976304977390810555e-03 -7.372535670941444269e-04 4.200875789900980310e-04 -2.338231703300774900e-04 0.000000000000000000e+00 -1.685333115314319868e-02 -1.239051410296651383e-03 0.000000000000000000e+00 0.000000000000000000e+00 -7.372535670941678457e-04 0.000000000000000000e+00 0.000000000000000000e+00 0.000000000000000000e+00 0.000000000000000000e+00 0.000000000000000000e+00 2.119638014695945927e-03 0.000000000000000000e+00 0.000000000000000000e+00 0.000000000000000000e+00 -6.325316254092941293e+00 -1.239051410296655286e-03 7.241241610284152898e-03 1.213862678412538053e-02 0.000000000000000000e+00 1.921012789143283425e-02 0.000000000000000000e+00 1.921012789143285160e-02 0.000000000000000000e+00 -1.098920418539458405e-02 -1.976304977390810555e-03 0.000000000000000000e+00 -4.933596996558736736e-04
7.241241610284143357e-03 1.469782591052571155e-02 0.000000000000000000e+00 0.000000000000000000e+00 0.000000000000000000e+00 0.000000000000000000e+00 0.000000000000000000e+00 0.000000000000000000e+00 0.000000000000000000e+00 2.630297840480198476e-02 0.000000000000000000e+00 0.000000000000000000e+00 0.000000000000000000e+00 0.000000000000000000e+00 -8.137159322697075370e-03 -8.137159322697090982e-03 1.947321020085891058e-02 1.947321020085892793e-02 -1.239051410296651383e-03 -1.239051410296655286e-03 -2.397146279049201301e+00 -5.504584361632864145e-03 -5.504584361632864145e-03 0.000000000000000000e+00 0.000000000000000000e+00 0.000000000000000000e+00 0.000000000000000000e+00 4.554384311503642535e-02 4.554384311503642535e-02 1.213862678412538226e-02 0.000000000000000000e+00 0.000000000000000000e+00
-1.239051410296657021e-03 -4.265532951336211895e-03 1.502602114711876213e-02 0.000000000000000000e+00 0.000000000000000000e+00 -1.560150218165076014e-02 -5.504584361632867615e-03 0.000000000000000000e+00 0.000000000000000000e+00 -4.265532951336200619e-03 1.386556744943008568e-02 0.000000000000000000e+00 1.386556744943009956e-02 0.000000000000000000e+00 3.659576304579565016e-03 4.182683675210661228e-03 0.000000000000000000e+00 0.000000000000000000e+00 1.213862678412538573e-02 7.241241610284152898e-03 -5.504584361632864145e-03 -6.428781712516897784e+00 0.000000000000000000e+00 1.921012789143283425e-02 0.000000000000000000e+00 1.921012789143285160e-02 0.000000000000000000e+00 -5.359053418366507837e-02 0.000000000000000000e+00 -1.239051410296652684e-03 4.210797029861458596e-02 0.000000000000000000e+00
-1.239051410296652684e-03 -4.265532951336211895e-03 0.000000000000000000e+00 1.502602114711876213e-02 -1.560150218165076014e-02 0.000000000000000000e+00 -5.504584361632867615e-03 0.000000000000000000e+00 0.000000000000000000e+00 -4.265532951336217966e-03 0.000000000000000000e+00 1.386556744943008221e-02 0.000000000000000000e+00 1.386556744943009609e-02 4.182683675210669902e-03 3.659576304579568919e-03 0.000000000000000000e+00 0.000000000000000000e+00 7.241241610284139020e-03 1.213862678412538053e-02 -5.504584361632864145e-03 0.000000000000000000e+00 -6.428781712516899560e+00 0.000000000000000000e+00 1.921012789143283078e-02 0.000000000000000000e+00 1.921012789143284466e-02 0.000000000000000000e+00 -5.359053418366507837e-02 -1.239051410296657021e-03 0.000000000000000000e+00 4.210797029861459290e-02
0.000000000000000000e+00 -5.992816990008290393e-03 -1.024333515975499667e-02 0.000000000000000000e+00 0.000000000000000000e+00 0.000000000000000000e+00 0.000000000000000000e+00 0.000000000000000000e+00 -2.412985404613378349e-02 0.000000000000000000e+00 -1.140671031203909086e-01 -8.137159322697101391e-03 0.000000000000000000e+00 0.000000000000000000e+00 -7.576591971899394005e-03 0.000000000000000000e+00 -5.756180114884545083e-03 0.000000000000000000e+00 1.921012789143283078e-02 0.000000000000000000e+00 0.000000000000000000e+00 1.921012789143283425e-02 0.000000000000000000e+00 -5.996971769996872759e+00 7.241241610284139020e-03 1.686913951369106018e-02 0.000000000000000000e+00 2.398704367361709916e-02 0.000000000000000000e+00 0.000000000000000000e+00 4.131527700040313333e-02 0.000000000000000000e+00
0.000000000000000000e+00 -5.992816990008287791e-03 0.000000000000000000e+00 -1.024333515975499494e-02 0.000000000000000000e+00 0.000000000000000000e+00 0.000000000000000000e+00 0.000000000000000000e+00 -2.412985404613378349e-02 0.000000000000000000e+00 -8.137159322697077105e-03 -1.140671031203909086e-01 0.000000000000000000e+00 0.000000000000000000e+00 0.000000000000000000e+00 -7.576591971899393138e-03 -5.756180114884542481e-03 0.000000000000000000e+00 0.000000000000000000e+00 1.921012789143283425e-02 0.000000000000000000e+00 0.000000000000000000e+00 1.921012789143283078e-02 7.241241610284139020e-03 -5.996971769996872759e+00 0.000000000000000000e+00 1.686913951369106018e-02 0.000000000000000000e+00 2.398704367361709916e-02 0.000000000000000000e+00 0.000000000000000000e+00 4.131527700040313333e-02
0.000000000000000000e+00 -5.992816990008296464e-03 -1.024333515975500708e-02 0.000000000000000000e+00 0.000000000000000000e+00 0.000000000000000000e+00 0.000000000000000000e+00 -2.412985404613379042e-02 0.000000000000000000e+00 0.000000000000000000e+00 0.000000000000000000e+00 0.000000000000000000e+00 -1.140671031203909086e-01 -8.137159322697101391e-03 -7.576591971899400944e-03 0.000000000000000000e+00 0.000000000000000000e+00 -5.756180114884545083e-03 1.921012789143284466e-02 0.000000000000000000e+00 0.000000000000000000e+00 1.921012789143285160e-02 0.000000000000000000e+00 1.686913951369106018e-02 0.000000000000000000e+00 -5.996971769996872759e+00 7.241241610284139020e-03 2.398704367361711998e-02 0.000000000000000000e+00 0.000000000000000000e+00 4.131527700040317497e-02 0.000000000000000000e+00
0.000000000000000000e+00 -5.992816990008295597e-03 0.000000000000000000e+00 -1.024333515975500708e-02 0.000000000000000000e+00 0.000000000000000000e+00 0.000000000000000000e+00 -2.412985404613379042e-02 0.000000000000000000e+00 0.000000000000000000e+00 0.000000000000000000e+00 0.000000000000000000e+00 -8.137159322697077105e-03 -1.140671031203909086e-01 0.000000000000000000e+00 -7.576591971899400077e-03 0.000000000000000000e+00 -5.756180114884542481e-03 0.000000000000000000e+00 1.921012789143285160e-02 0.000000000000000000e+00 0.000000000000000000e+00 1.921012789143284466e-02 0.000000000000000000e+00 1.686913951369106018e-02 7.241241610284139020e-03 -5.996971769996873647e+00 0.000000000000000000e+00 2.398704367361711998e-02 0.000000000000000000e+00 0.000000000000000000e+00 4.131527700040317497e-02
-1.613817773860048987e-09 5.756180114884540747e-03 3.659576304579571088e-03 0.000000000000000000e+00 -5.504584361632867615e-03 -1.239051410296655286e-03 0.000000000000000000e+00 0.000000000000000000e+00 0.000000000000000000e+00 -4.504351143392111741e-03 1.951896209926649167e-02 0.000000000000000000e+00 1.951896209926650902e-02 0.000000000000000000e+00 -3.901709777745038243e-03 4.200875789901207993e-04 5.992816990008291260e-03 5.992816990008296464e-03 -1.098920418539459098e-02 0.000000000000000000e+00 4.554384311503642535e-02 -5.359053418366507837e-02 0.000000000000000000e+00 2.398704367361709916e-02 0.000000000000000000e+00 2.398704367361711998e-02 0.000000000000000000e+00 -6.355016826902540217e+00 7.241241610284139020e-03 0.000000000000000000e+00 1.213862678412538226e-02 0.000000000000000000e+00
-1.613817777329495939e-09 5.756180114884565033e-03 0.000000000000000000e+00 3.659576304579572389e-03 -1.239051410296651383e-03 -5.504584361632867615e-03 0.000000000000000000e+00 0.000000000000000000e+00 0.000000000000000000e+00 -4.504351143392090924e-03 0.000000000000000000e+00 1.951896209926649861e-02 0.000000000000000000e+00 1.951896209926651596e-02 4.200875789900980310e-04 -3.901709777745038243e-03 5.992816990008290393e-03 5.992816990008295597e-03 0.000000000000000000e+00 -1.098920418539458405e-02 4.554384311503642535e-02 0.000000000000000000e+00 -5.359053418366507837e-02 0.000000000000000000e+00 2.398704367361709916e-02 0.000000000000000000e+00 2.398704367361711998e-02 7.241241610284139020e-03 -6.355016826902541993e+00 0.000000000000000000e+00 0.000000000000000000e+00 1.213862678412538226e-02
0.000000000000000000e+00 2.151295362641880010e-02 -1.267032848086714755e-03 -1.267032848086725597e-03 0.000000000000000000e+00 0.000000000000000000e+00 7.241241610284143357e-03 0.000000000000000000e+00 0.000000000000000000e+00 1.229533091128671429e-01 0.000000000000000000e+00 0.000000000000000000e+00 0.000000000000000000e+00 0.000000000000000000e+00 0.000000000000000000e+00 0.000000000000000000e+00 0.000000000000000000e+00 0.000000000000000000e+00 -1.976304977390810555e-03 -1.976304977390810555e-03 1.213862678412538226e-02 -1.239051410296652684e-03 -1.239051410296657021e-03 0.000000000000000000e+00 0.000000000000000000e+00 0.000000000000000000e+00 0.000000000000000000e+00 0.000000000000000000e+00 0.000000000000000000e+00 -2.421560365966260342e+00 1.308901300787801252e-02 1.308901300787801252e-02
0.000000000000000000e+00 4.504351143392098730e-03 -1.697132155970140777e-02 4.182683675210661228e-03 -1.239051410296657021e-03 -1.976304977390810555e-03 -3.245483172097618496e-02 0.000000000000000000e+00 0.000000000000000000e+00 -5.756180114884545083e-03 0.000000000000000000e+00 0.000000000000000000e+00 0.000000000000000000e+00 0.000000000000000000e+00 -2.338231703300822333e-04 0.000000000000000000e+00 0.000000000000000000e+00 0.000000000000000000e+00 -4.933596996558736736e-04 0.000000000000000000e+00 0.000000000000000000e+00 4.210797029861458596e-02 0.000000000000000000e+00 4.131527700040313333e-02 0.000000000000000000e+00 4.131527700040317497e-02 0.000000000000000000e+00 1.213862678412538226e-02 0.000000000000000000e+00 1.308901300787801252e-02 -6.019230519808900226e+00 7.241241610284139020e-03
0.000000000000000000e+00 4.504351143392103934e-03 4.182683675210669902e-03 -1.697132155970140777e-02 -1.976304977390810555e-03 -1.239051410296652684e-03 -3.245483172097618496e-02 0.000000000000000000e+00 0.000000000000000000e+00 -5.756180114884542481e-03 0.000000000000000000e+00 0.000000000000000000e+00 0.000000000000000000e+00 0.000000000000000000e+00 0.000000000000000000e+00 -2.338231703300800920e-04 0.000000000000000000e+00 0.000000000000000000e+00 0.000000000000000000e+00 -4.933596996558736736e-04 0.000000000000000000e+00 0.000000000000000000e+00 4.210797029861459290e-02 0.000000000000000000e+00 4.131527700040313333e-02 0.000000000000000000e+00 4.131527700040317497e-02 0.000000000000000000e+00 1.213862678412538226e-02 1.308901300787801252e-02 7.241241610284139020e-03 -6.019230519808900226e+00
