-8.921712042878326088e+00 1.229533091128669486e-01 3.349344476256142789e-02 3.349344476256137237e-02 2.334373701284864211e-09 2.334373701284864211e-09 1.213862678412554012e-02 2.398704367361719283e-02
1.229533091128669486e-01 -7.818871009043855125e+00 -2.482023687946077750e-02 -2.482023687946077750e-02 -3.105776387080104103e-02 -3.105776387080096124e-02 2.630297840480215477e-02 1.947321020085893140e-02
3.349344476256142789e-02 -2.482023687946077750e-02 -8.177866863085904825e+00 2.630297840480212007e-02 -8.444550065301974218e-03 1.417066659649696136e-01 -1.044260379399822303e-01 1.386556744943007353e-02
3.349344476256137237e-02 -2.482023687946077750e-02 2.630297840480212007e-02 -8.177866863085906601e+00 1.417066659649696136e-01 -8.444550065301951666e-03 -1.044260379399822303e-01 1.386556744943007353e-02
2.334373701284864211e-09 -3.105776387080104103e-02 -8.444550065301974218e-03 1.417066659649696136e-01 -8.763644002275352562e+00 1.213862678412553145e-02 5.309717681838331538e-02 1.921012789143289323e-02
2.334373701284864211e-09 -3.105776387080096124e-02 1.417066659649696136e-01 -8.444550065301951666e-03 1.213862678412553145e-02 -8.763644002275352562e+00 5.309717681838332232e-02 1.921012789143289323e-02
1.213862678412554012e-02 2.630297840480215477e-02 -1.044260379399822303e-01 -1.044260379399822303e-01 5.309717681838331538e-02 5.309717681838332232e-02 -8.225725341773982180e+00 4.131527700040314721e-02
2.398704367361719283e-02 1.947321020085893140e-02 1.386556744943007353e-02 1.386556744943007353e-02 1.921012789143289323e-02 1.921012789143289323e-02 4.131527700040314721e-02 -8.252455011604439505e+00
