-8.921712042878324311e+00 1.229533091128671429e-01 3.349344476256124054e-02 3.349344476256119196e-02 2.334373500056940998e-09 2.334373500056940998e-09 1.213862678412538226e-02 2.398704367361711651e-02 2.398704367361710263e-02 2.151295362641880010e-02 7.576591971899394005e-03 7.576591971899393138e-03 7.576591971899400944e-03 7.576591971899400077e-03 4.427260058559312483e-09 4.427260058559312483e-09
1.229533091128671429e-01 -7.818871009043853348e+00 -2.482023687946108975e-02 -2.482023687946109322e-02 -3.105776387080077389e-02 -3.105776387080074266e-02 2.630297840480193619e-02 1.947321020085892099e-02 1.947321020085891058e-02 0.000000000000000000e+00 0.000000000000000000e+00 0.000000000000000000e+00 0.000000000000000000e+00 0.000000000000000000e+00 -8.232166006561805749e-03 -8.232166006561805749e-03
3.349344476256124054e-02 -2.482023687946108975e-02 -8.177866863085903049e+00 2.630297840480197782e-02 -8.444550065301759112e-03 1.417066659649700022e-01 -1.044260379399822997e-01 1.386556744943009782e-02 1.386556744943008568e-02 0.000000000000000000e+00 0.000000000000000000e+00 0.000000000000000000e+00 0.000000000000000000e+00 0.000000000000000000e+00 4.773747506919622657e-03 -3.105776387080077736e-02
3.349344476256119196e-02 -2.482023687946109322e-02 2.630297840480197782e-02 -8.177866863085904825e+00 1.417066659649700022e-01 -8.444550065301771255e-03 -1.044260379399822997e-01 1.386556744943009435e-02 1.386556744943008221e-02 0.000000000000000000e+00 0.000000000000000000e+00 0.000000000000000000e+00 0.000000000000000000e+00 0.000000000000000000e+00 -3.105776387080077042e-02 4.773747506919622657e-03
2.334373500056940998e-09 -3.105776387080077389e-02 -8.444550065301759112e-03 1.417066659649700022e-01 -8.763644002275352562e+00 1.213862678412538573e-02 5.309717681838270475e-02 1.921012789143284466e-02 1.921012789143283078e-02 -1.154356612746970309e-02 0.000000000000000000e+00 1.024333515975499494e-02 0.000000000000000000e+00 1.024333515975500708e-02 -1.744221312862112919e-02 3.349344476256119196e-02
2.334373500056940998e-09 -3.105776387080074266e-02 1.417066659649700022e-01 -8.444550065301771255e-03 1.213862678412538573e-02 -8.763644002275349010e+00 5.309717681838270475e-02 1.921012789143285160e-02 1.921012789143283425e-02 -1.154356612746971870e-02 1.024333515975499667e-02 0.000000000000000000e+00 1.024333515975500708e-02 0.000000000000000000e+00 3.349344476256126135e-02 -1.744221312862112572e-02
1.213862678412538226e-02 2.630297840480193619e-02 -1.044260379399822997e-01 -1.044260379399822997e-01 5.309717681838270475e-02 5.309717681838270475e-02 -8.225725341773980404e+00 4.131527700040317497e-02 4.131527700040313333e-02 1.469782591052571155e-02 0.000000000000000000e+00 0.000000000000000000e+00 0.000000000000000000e+00 0.000000000000000000e+00 -8.444550065301797276e-03 -8.444550065301795541e-03
2.398704367361711651e-02 1.947321020085892099e-02 1.386556744943009782e-02 1.386556744943009435e-02 1.921012789143284466e-02 1.921012789143285160e-02 4.131527700040317497e-02 -8.252455011604437729e+00 1.686913951369105671e-02 0.000000000000000000e+00 0.000000000000000000e+00 0.000000000000000000e+00 2.401548133122773099e-02 2.401548133122775874e-02 1.951896209926650902e-02 1.951896209926651596e-02
2.398704367361710263e-02 1.947321020085891058e-02 1.386556744943008568e-02 1.386556744943008221e-02 1.921012789143283078e-02 1.921012789143283425e-02 4.131527700040313333e-02 1.686913951369105671e-02 -8.252455011604435953e+00 0.000000000000000000e+00 2.401548133122773099e-02 2.401548133122773099e-02 0.000000000000000000e+00 0.000000000000000000e+00 1.951896209926649167e-02 1.951896209926649861e-02
2.151295362641880010e-02 0.000000000000000000e+00 0.000000000000000000e+00 0.000000000000000000e+00 -1.154356612746970309e-02 -1.154356612746971870e-02 1.469782591052571155e-02 0.000000000000000000e+00 0.000000000000000000e+00 -3.613899775107400902e+00 0.000000000000000000e+00 0.000000000000000000e+00 0.000000000000000000e+00 0.000000000000000000e+00 0.000000000000000000e+00 0.000000000000000000e+00
7.576591971899394005e-03 0.000000000000000000e+00 0.000000000000000000e+00 0.000000000000000000e+00 0.000000000000000000e+00 1.024333515975499667e-02 0.000000000000000000e+00 0.000000000000000000e+00 2.401548133122773099e-02 0.000000000000000000e+00 -6.570498144037834720e+00 1.469782591052571502e-02 1.686913951369106018e-02 0.000000000000000000e+00 0.000000000000000000e+00 5.992816990008290393e-03
7.576591971899393138e-03 0.000000000000000000e+00 0.000000000000000000e+00 0.000000000000000000e+00 1.024333515975499494e-02 0.000000000000000000e+00 0.000000000000000000e+00 0.000000000000000000e+00 2.401548133122773099e-02 0.000000000000000000e+00 1.469782591052571502e-02 -6.570498144037834720e+00 0.000000000000000000e+00 1.686913951369106018e-02 5.992816990008291260e-03 0.000000000000000000e+00
7.576591971899400944e-03 0.000000000000000000e+00 0.000000000000000000e+00 0.000000000000000000e+00 0.000000000000000000e+00 1.024333515975500708e-02 0.000000000000000000e+00 2.401548133122773099e-02 0.000000000000000000e+00 0.000000000000000000e+00 1.686913951369106018e-02 0.000000000000000000e+00 -6.570498144037836497e+00 1.469782591052571502e-02 0.000000000000000000e+00 5.992816990008295597e-03
7.576591971899400077e-03 0.000000000000000000e+00 0.000000000000000000e+00 0.000000000000000000e+00 1.024333515975500708e-02 0.000000000000000000e+00 0.000000000000000000e+00 2.401548133122775874e-02 0.000000000000000000e+00 0.000000000000000000e+00 0.000000000000000000e+00 1.686913951369106018e-02 1.469782591052571502e-02 -6.570498144037836497e+00 5.992816990008296464e-03 0.000000000000000000e+00
4.427260058559312483e-09 -8.232166006561805749e-03 4.773747506919622657e-03 -3.105776387080077042e-02 -1.744221312862112919e-02 3.349344476256126135e-02 -8.444550065301797276e-03 1.951896209926650902e-02 1.951896209926649167e-02 0.000000000000000000e+00 0.000000000000000000e+00 5.992816990008291260e-03 0.000000000000000000e+00 5.992816990008296464e-03 -8.388258353124948385e+00 1.229533091128671290e-01
4.427260058559312483e-09 -8.232166006561805749e-03 -3.105776387080077736e-02 4.773747506919622657e-03 3.349344476256119196e-02 -1.744221312862112572e-02 -8.444550065301795541e-03 1.951896209926651596e-02 1.951896209926649861e-02 0.000000000000000000e+00 5.992816990008290393e-03 0.000000000000000000e+00 5.992816990008295597e-03 0.000000000000000000e+00 1.229533091128671290e-01 -8.388258353124948385e+00
