counts:[1, 2, 3, 4, 5, 6, 7, 8, 9, 10, 11, 12, 13, 14, 15, 16, 17, 18, 19, 20, 21]
 energies:[-1.1108503974239037, -0.6245472813806342, -0.9352634441791324, -1.1112345714942609, -1.0435369286735092, -1.1284452435656003, -1.1341472610989962, -1.1282516460179308, -1.1326476463022717, -1.133808651213514, -1.1340444074498714, -1.1341306457162341, -1.1341385579744587, -1.1341473599537957, -1.1341463462023884, -1.1341476010348681, -1.1341476649194284, -1.1341475516074628, -1.1341476304130111, -1.134147666264715, -1.1341476601778395]
 std_values:[0.0, 0.0, 0.0, 0.0, 0.0, 0.0, 0.0, 0.0, 0.0, 0.0, 0.0, 0.0, 0.0, 0.0, 0.0, 0.0, 0.0, 0.0, 0.0, 0.0, 0.0]
 ci_ground energy:-1.1341476666428463