counts:[1, 2, 3, 4, 5, 6, 7, 8, 9, 10, 11, 12, 13, 14, 15, 16, 17, 18, 19, 20, 21]
 energies:[-0.8842532010171509, -0.5819340782158353, -0.9813267042565712, -0.7807942707534639, -0.9114558315352441, -0.9842008215779636, -0.9787918064639103, -0.9812087924440582, -0.980428798732732, -0.9851709301964955, -0.9856138224548869, -0.9824890589686959, -0.9830188397681077, -0.9869183643038584, -0.9809631876742502, -0.9832783520493282, -0.9840576180095066, -0.9851656475605199, -0.9866532793703848, -0.9832536292554455, -0.9854753667145735]
 std_values:[0.0016679787511836772, 0.0016131859962144834, 0.0015849786392498188, 0.0015802419968766154, 0.001569845353126983, 0.0016181344581157491, 0.0016329903616283808, 0.0016311816161006499, 0.0016358764128057343, 0.0016128079053067319, 0.0016103143173736415, 0.0016250636840258455, 0.001622959604438822, 0.0016040121030699937, 0.0016337634746811235, 0.0016224984376143278, 0.0016180648698237634, 0.0016127544205878053, 0.0016050417700264525, 0.0016215121856687155, 0.0016113980244098075]
 ci_ground energy:-0.9834727289323322