-1.629685906111173566e+01 2.692769260650385021e-01 -1.094939456597217031e-01 -1.094939456597217170e-01 0.000000000000000000e+00 0.000000000000000000e+00 0.000000000000000000e+00 -9.514440130884252445e-02 -9.514440130884252445e-02 7.449168096159061725e-02 7.449168096159075603e-02 6.783417588138900001e-02 4.833585477270947034e-02 4.833585477270947034e-02 5.327639377877323168e-02 -1.648982433170003564e-02
2.692769260650385021e-01 -1.633844468031041330e+01 -1.716512432192729420e-09 -1.716512487703880652e-09 6.783417588138900001e-02 7.449168096159061725e-02 7.449168096159075603e-02 2.115977310035432879e-09 2.115977337791008495e-09 0.000000000000000000e+00 0.000000000000000000e+00 0.000000000000000000e+00 -4.951046413613675173e-02 -4.951046413613675173e-02 5.876166056809174754e-02 3.302063980443671609e-02
-1.094939456597217031e-01 -1.716512432192729420e-09 -1.624357320517794534e+01 5.876166056809174060e-02 -2.161834243994494031e-02 -3.049427105635213117e-02 -3.049427105635218321e-02 -1.174609363427281394e-03 -4.951046413613676561e-02 0.000000000000000000e+00 0.000000000000000000e+00 0.000000000000000000e+00 0.000000000000000000e+00 -1.089636693983828120e-01 1.274605662107926585e-01 -3.495755194247968101e-03
-1.094939456597217170e-01 -1.716512487703880652e-09 5.876166056809174060e-02 -1.624357320517794534e+01 -2.161834243994494031e-02 -3.049427105635213464e-02 -3.049427105635219015e-02 -4.951046413613675867e-02 -1.174609363427281394e-03 0.000000000000000000e+00 0.000000000000000000e+00 0.000000000000000000e+00 -1.089636693983828397e-01 0.000000000000000000e+00 1.274605662107926585e-01 0.000000000000000000e+00
0.000000000000000000e+00 6.783417588138900001e-02 -2.161834243994494031e-02 -2.161834243994494031e-02 -1.595036600358598733e+01 2.244693996900271049e-02 2.244693996900275212e-02 -1.731502328378828684e-02 -1.731502328378827990e-02 0.000000000000000000e+00 0.000000000000000000e+00 2.692769260650385577e-01 4.833585477270947034e-02 4.833585477270947034e-02 4.528535034971040846e-02 -1.648982433170003911e-02
0.000000000000000000e+00 7.449168096159061725e-02 -3.049427105635213117e-02 -3.049427105635213464e-02 2.244693996900271049e-02 -1.595755748024025777e+01 2.424937922117118699e-02 0.000000000000000000e+00 0.000000000000000000e+00 2.692769260650385577e-01 0.000000000000000000e+00 0.000000000000000000e+00 0.000000000000000000e+00 0.000000000000000000e+00 1.250501180401323437e-02 0.000000000000000000e+00
0.000000000000000000e+00 7.449168096159075603e-02 -3.049427105635218321e-02 -3.049427105635219015e-02 2.244693996900275212e-02 2.424937922117118699e-02 -1.595755748024025422e+01 0.000000000000000000e+00 0.000000000000000000e+00 0.000000000000000000e+00 2.692769260650385577e-01 0.000000000000000000e+00 0.000000000000000000e+00 0.000000000000000000e+00 1.250501180401325692e-02 0.000000000000000000e+00
-9.514440130884252445e-02 2.115977310035432879e-09 -1.174609363427281394e-03 -4.951046413613675867e-02 -1.731502328378828684e-02 0.000000000000000000e+00 0.000000000000000000e+00 -1.616220231607062985e+01 4.542919977041970370e-02 0.000000000000000000e+00 0.000000000000000000e+00 0.000000000000000000e+00 -1.406318708055954714e-01 0.000000000000000000e+00 0.000000000000000000e+00 9.519582705928730793e-03
-9.514440130884252445e-02 2.115977337791008495e-09 -4.951046413613676561e-02 -1.174609363427281394e-03 -1.731502328378827990e-02 0.000000000000000000e+00 0.000000000000000000e+00 4.542919977041970370e-02 -1.616220231607062985e+01 0.000000000000000000e+00 0.000000000000000000e+00 0.000000000000000000e+00 0.000000000000000000e+00 -1.406318708055954159e-01 0.000000000000000000e+00 0.000000000000000000e+00
7.449168096159061725e-02 0.000000000000000000e+00 0.000000000000000000e+00 0.000000000000000000e+00 0.000000000000000000e+00 2.692769260650385577e-01 0.000000000000000000e+00 0.000000000000000000e+00 0.000000000000000000e+00 -1.590551729191130548e+01 2.424937922117118699e-02 2.244693996900271396e-02 0.000000000000000000e+00 0.000000000000000000e+00 1.946201827210369698e-03 0.000000000000000000e+00
7.449168096159075603e-02 0.000000000000000000e+00 0.000000000000000000e+00 0.000000000000000000e+00 0.000000000000000000e+00 0.000000000000000000e+00 2.692769260650385577e-01 0.000000000000000000e+00 0.000000000000000000e+00 2.424937922117118699e-02 -1.590551729191130548e+01 2.244693996900275212e-02 0.000000000000000000e+00 0.000000000000000000e+00 1.946201827210373167e-03 0.000000000000000000e+00
6.783417588138900001e-02 0.000000000000000000e+00 0.000000000000000000e+00 0.000000000000000000e+00 2.692769260650385577e-01 0.000000000000000000e+00 0.000000000000000000e+00 0.000000000000000000e+00 0.000000000000000000e+00 2.244693996900271396e-02 2.244693996900275212e-02 -1.590569500749407084e+01 -4.951046413613675173e-02 -4.951046413613676561e-02 4.542919977041970370e-02 3.302063980443672303e-02
4.833585477270947034e-02 -4.951046413613675173e-02 0.000000000000000000e+00 -1.089636693983828397e-01 4.833585477270947034e-02 0.000000000000000000e+00 0.000000000000000000e+00 -1.406318708055954714e-01 0.000000000000000000e+00 0.000000000000000000e+00 0.000000000000000000e+00 -4.951046413613675173e-02 -1.637407950208080720e+01 0.000000000000000000e+00 -1.174609363427281394e-03 -5.876166056809173366e-02
4.833585477270947034e-02 -4.951046413613675173e-02 -1.089636693983828120e-01 0.000000000000000000e+00 4.833585477270947034e-02 0.000000000000000000e+00 0.000000000000000000e+00 0.000000000000000000e+00 -1.406318708055954159e-01 0.000000000000000000e+00 0.000000000000000000e+00 -4.951046413613676561e-02 0.000000000000000000e+00 -1.637407950208080720e+01 -1.174609363427281394e-03 -4.542919977041971064e-02
5.327639377877323168e-02 5.876166056809174754e-02 1.274605662107926585e-01 1.274605662107926585e-01 4.528535034971040846e-02 1.250501180401323437e-02 1.250501180401325692e-02 0.000000000000000000e+00 0.000000000000000000e+00 1.946201827210369698e-03 1.946201827210373167e-03 4.542919977041970370e-02 -1.174609363427281394e-03 -1.174609363427281394e-03 -1.587061350790249747e+01 4.951046413613675867e-02
-1.648982433170003564e-02 3.302063980443671609e-02 -3.495755194247968101e-03 0.000000000000000000e+00 -1.648982433170003911e-02 0.000000000000000000e+00 0.000000000000000000e+00 9.519582705928730793e-03 0.000000000000000000e+00 0.000000000000000000e+00 0.000000000000000000e+00 3.302063980443672303e-02 -5.876166056809173366e-02 -4.542919977041971064e-02 4.951046413613675867e-02 -1.613553014426286225e+01
