counts:[1, 2, 3, 4, 5, 6, 7, 8, 9, 10, 11, 12, 13, 14, 15, 16, 17, 18, 19, 20]
 energies:[-1.1183672940078495, -0.583013611619907, -0.8812892366348055, -1.1023717160875925, -1.0493032318191526, -1.1324049871419342, -1.137981114597435, -1.1279562734755697, -1.1326745432903234, -1.1370682340509264, -1.1373350467719925, -1.1311397538984982, -1.1337954623020703, -1.135426545017016, -1.1354110637106598, -1.1371468173436852, -1.136478478339121, -1.1364802829571483, -1.1411155110543532, -1.1346438013489029]
 std_values:[0.0012977008159204945, 0.00503588483177585, 0.005049015459314728, 0.003059037086877433, 0.0018569416501948127, 0.0014088226202037105, 0.0018407787893407995, 0.0024303199525037527, 0.002163146694995046, 0.001796225562698376, 0.0019654821121059415, 0.0019984581370238457, 0.0019748924178134286, 0.001904305318199109, 0.0019695480264369284, 0.0019254973446506183, 0.001906679415602836, 0.0019012815597024648, 0.0018162743408814438, 0.0019266639273685673]
 ci_ground energy:-1.1361894540879058