counts:[1, 2, 3, 4, 5, 6, 7, 8, 9, 10, 11, 12, 13, 14, 15, 16, 17, 18, 19, 20, 21, 22, 23, 24, 25, 26, 27, 28, 29, 30, 31, 32, 33, 34, 35, 36, 37, 38, 39, 40, 41, 42, 43, 44, 45, 46, 47, 48, 49, 50, 51, 52, 53, 54, 55, 56, 57, 58, 59, 60, 61, 62, 63, 64, 65, 66, 67, 68, 69, 70, 71, 72, 73, 74, 75, 76, 77, 78, 79, 80, 81, 82, 83, 84, 85, 86, 87, 88, 89, 90, 91, 92, 93, 94, 95, 96, 97, 98, 99, 100]
 energies:[-7.819770257663637, -7.662404963387176, -7.7921188892974245, -7.542813569328387, -7.657674027099062, -7.7921188892974245, -7.662404963387174, -7.542813569328387, -7.662404963387176, -7.665263731936041, -7.712762037764194, -7.838633009837621, -7.837103047948156, -7.837430554775595, -7.837336811211544, -7.831226905446928, -7.828036291703968, -7.838920413215152, -7.82678084009394, -7.837902072011825, -7.836985320426076, -7.847407633174812, -7.837346134291384, -7.840526681328536, -7.846184949021535, -7.844556035750936, -7.848496744359873, -7.847064405946578, -7.849131401960293, -7.849562856894498, -7.850923829559785, -7.849439998250223, -7.851395128771062, -7.850536228851326, -7.849478271937094, -7.850350657366898, -7.851136552753972, -7.85057629277848, -7.851456292495738, -7.850846563655463, -7.851873165124496, -7.8511784349059335, -7.8520039026239585, -7.851608519268072, -7.851967688618667, -7.8518925862069695, -7.851945581782492, -7.852022733074711, -7.852020152357267, -7.852018023021306, -7.852057101404285, -7.851925577843699, -7.852053776908858, -7.85217439106767, -7.852234559980645, -7.852272689619295, -7.85219025982308, -7.852368459952463, -7.852356008093632, -7.8523588848820465, -7.852243625324381, -7.852391595285424, -7.852461143652373, -7.852405489552603, -7.852452362593147, -7.852514288885328, -7.852563932589871, -7.852482531292995, -7.852525194300406, -7.852602757289534, -7.852608977848978, -7.852631260312875, -7.85254219655577, -7.852624664204202, -7.8526457416269, -7.852596396553786, -7.852695670247617, -7.852565021004895, -7.852703347695226, -7.852736018524241, -7.852758807134957, -7.85277952875989, -7.852779982783136, -7.852771484744873, -7.852764783880525, -7.852775147594698, -7.852754227066106, -7.852750744407747, -7.852759489399147, -7.852776190474459, -7.852770993677461, -7.852767863859401, -7.852784851612999, -7.852785162505918, -7.852784815276457, -7.8527892671795945, -7.85278673342694, -7.852788592503363, -7.852787723032088, -7.85279342419645]
 std_values:[0.0, 0.0, 0.0, 0.0, 0.0, 0.0, 0.0, 0.0, 0.0, 0.0, 0.0, 0.0, 0.0, 0.0, 0.0, 0.0, 0.0, 0.0, 0.0, 0.0, 0.0, 0.0, 0.0, 0.0, 0.0, 0.0, 0.0, 0.0, 0.0, 0.0, 0.0, 0.0, 0.0, 0.0, 0.0, 0.0, 0.0, 0.0, 0.0, 0.0, 0.0, 0.0, 0.0, 0.0, 0.0, 0.0, 0.0, 0.0, 0.0, 0.0, 0.0, 0.0, 0.0, 0.0, 0.0, 0.0, 0.0, 0.0, 0.0, 0.0, 0.0, 0.0, 0.0, 0.0, 0.0, 0.0, 0.0, 0.0, 0.0, 0.0, 0.0, 0.0, 0.0, 0.0, 0.0, 0.0, 0.0, 0.0, 0.0, 0.0, 0.0, 0.0, 0.0, 0.0, 0.0, 0.0, 0.0, 0.0, 0.0, 0.0, 0.0, 0.0, 0.0, 0.0, 0.0, 0.0, 0.0, 0.0, 0.0, 0.0]
 ci_ground energy:-7.852826267204974