counts:[1, 2, 3, 4, 5, 6, 7, 8, 9, 10, 11, 12, 13, 14, 15, 16, 17, 18, 19, 20, 21, 22, 23, 24, 25, 26, 27, 28, 29, 30, 31, 32, 33, 34, 35, 36, 37, 38, 39, 40, 41, 42, 43, 44, 45, 46, 47, 48, 49, 50, 51, 52, 53, 54, 55, 56, 57, 58, 59, 60, 61, 62, 63, 64, 65, 66, 67, 68, 69, 70, 71, 72, 73]
 energies:[-77.07395470569412, -76.65601451838705, -76.65601451838705, -76.78006848721952, -76.65601451838705, -76.74072228503292, -77.03714213542037, -77.04957348751884, -77.08127777225894, -77.06820161086213, -77.01350582885183, -77.10492614700078, -77.10735567761441, -77.10966120988644, -77.11406384065137, -77.09555841396241, -77.12213361473047, -77.12174396988078, -77.1177108878824, -77.11841803544374, -77.11982598390009, -77.12150751034824, -77.12215626022069, -77.12123555782475, -77.12230363968365, -77.12215906048925, -77.12283617747727, -77.12273153949727, -77.1226503176976, -77.12267587314, -77.12287294314714, -77.12285116115717, -77.12288976739916, -77.12301607001896, -77.12307209633784, -77.12302145654394, -77.12305424563743, -77.1230457823581, -77.12310574744569, -77.12307522375735, -77.12310197127695, -77.12309801461731, -77.1231026822162, -77.12310724173895, -77.12310277725666, -77.12310486042927, -77.12310986668649, -77.12311088427117, -77.12311300293362, -77.1231111011256, -77.12311237332429, -77.12311232929073, -77.12311306743126, -77.12311314442783, -77.12311237532865, -77.12311354789608, -77.12311328480044, -77.1231134551544, -77.12311359383608, -77.12311358317757, -77.12311356223032, -77.12311356233334, -77.123113590006, -77.12311359524494, -77.12311360129891, -77.12311360275166, -77.12311360352194, -77.12311361183305, -77.12311361567177, -77.12311361374816, -77.1231136153119, -77.1231136119564, -77.12311361381182]
 std_values:[0.0, 0.0, 0.0, 0.0, 0.0, 0.0, 0.0, 0.0, 0.0, 0.0, 0.0, 0.0, 0.0, 0.0, 0.0, 0.0, 0.0, 0.0, 0.0, 0.0, 0.0, 0.0, 0.0, 0.0, 0.0, 0.0, 0.0, 0.0, 0.0, 0.0, 0.0, 0.0, 0.0, 0.0, 0.0, 0.0, 0.0, 0.0, 0.0, 0.0, 0.0, 0.0, 0.0, 0.0, 0.0, 0.0, 0.0, 0.0, 0.0, 0.0, 0.0, 0.0, 0.0, 0.0, 0.0, 0.0, 0.0, 0.0, 0.0, 0.0, 0.0, 0.0, 0.0, 0.0, 0.0, 0.0, 0.0, 0.0, 0.0, 0.0, 0.0, 0.0, 0.0]
 ci_ground energy:-77.1231136165595