-1.902128287129468731e+01 8.326456325269822323e-02 4.980188754850538996e-02 4.980188754850545241e-02 7.704806896467561450e-02 -7.230075149200608509e-02 -7.230075149200605733e-02 -6.113839329897225588e-02 -6.113839329897235997e-02 8.178922279518339999e-02 5.654698698044686306e-02 6.702555177540148179e-12 6.702555177540148179e-12 0.000000000000000000e+00 0.000000000000000000e+00 0.000000000000000000e+00
8.326456325269822323e-02 -1.783762380861649888e+01 0.000000000000000000e+00 0.000000000000000000e+00 1.650257544005979682e-01 1.431696350739830870e-01 1.431696350739830037e-01 8.203124177501081027e-02 8.203124177501081027e-02 1.413261309726946413e-01 0.000000000000000000e+00 -9.529908464965083925e-02 -9.529908464965089476e-02 5.654698698044686306e-02 4.751386888076359477e-02 4.751386888076361559e-02
4.980188754850538996e-02 0.000000000000000000e+00 -1.820782540442198538e+01 2.424937922117109679e-02 5.101672209374773920e-02 0.000000000000000000e+00 0.000000000000000000e+00 0.000000000000000000e+00 0.000000000000000000e+00 0.000000000000000000e+00 1.645809244754670858e-02 -4.751386888076360865e-02 -4.751386888076360171e-02 0.000000000000000000e+00 9.529908464965085313e-02 9.529908464965089476e-02
4.980188754850545241e-02 0.000000000000000000e+00 2.424937922117109679e-02 -1.820782540442198183e+01 5.101672209374780859e-02 0.000000000000000000e+00 0.000000000000000000e+00 0.000000000000000000e+00 0.000000000000000000e+00 0.000000000000000000e+00 1.645809244754672940e-02 -4.751386888076366416e-02 -4.751386888076365722e-02 0.000000000000000000e+00 0.000000000000000000e+00 0.000000000000000000e+00
7.704806896467561450e-02 1.650257544005979682e-01 5.101672209374773920e-02 5.101672209374780859e-02 -1.777231905322972239e+01 7.086888358197708515e-02 7.086888358197708515e-02 1.431696350739831702e-01 1.431696350739829482e-01 0.000000000000000000e+00 1.413261309726946413e-01 9.984071603119037963e-03 9.984071603119037963e-03 8.178922279518339999e-02 0.000000000000000000e+00 0.000000000000000000e+00
-7.230075149200608509e-02 1.431696350739830870e-01 0.000000000000000000e+00 0.000000000000000000e+00 7.086888358197708515e-02 -1.734973618946472840e+01 0.000000000000000000e+00 1.650257544005979404e-01 1.413261309726948356e-01 7.086888358197708515e-02 1.431696350739830037e-01 0.000000000000000000e+00 -2.058671898685865420e-02 -7.230075149200605733e-02 0.000000000000000000e+00 1.382080224860339490e-02
-7.230075149200605733e-02 1.431696350739830037e-01 0.000000000000000000e+00 0.000000000000000000e+00 7.086888358197708515e-02 0.000000000000000000e+00 -1.734973618946472840e+01 1.413261309726943638e-01 1.650257544005979404e-01 7.086888358197708515e-02 1.431696350739830870e-01 -2.058671898685865420e-02 0.000000000000000000e+00 -7.230075149200608509e-02 1.382080224860339490e-02 0.000000000000000000e+00
-6.113839329897225588e-02 8.203124177501081027e-02 0.000000000000000000e+00 0.000000000000000000e+00 1.431696350739831702e-01 1.650257544005979404e-01 1.413261309726943638e-01 -1.736876193099144317e+01 0.000000000000000000e+00 1.431696350739829482e-01 8.203124177501081027e-02 -9.611699397139043810e-02 4.512575516218568505e-02 -6.113839329897235997e-02 0.000000000000000000e+00 0.000000000000000000e+00
-6.113839329897235997e-02 8.203124177501081027e-02 0.000000000000000000e+00 0.000000000000000000e+00 1.431696350739829482e-01 1.413261309726948356e-01 1.650257544005979404e-01 0.000000000000000000e+00 -1.736876193099143961e+01 1.431696350739831702e-01 8.203124177501081027e-02 4.512575516218565036e-02 -9.611699397139053525e-02 -6.113839329897225588e-02 0.000000000000000000e+00 0.000000000000000000e+00
8.178922279518339999e-02 1.413261309726946413e-01 0.000000000000000000e+00 0.000000000000000000e+00 0.000000000000000000e+00 7.086888358197708515e-02 7.086888358197708515e-02 1.431696350739829482e-01 1.431696350739831702e-01 -1.690444379306632072e+01 1.650257544005979682e-01 0.000000000000000000e+00 0.000000000000000000e+00 7.704806896467561450e-02 0.000000000000000000e+00 0.000000000000000000e+00
5.654698698044686306e-02 0.000000000000000000e+00 1.645809244754670858e-02 1.645809244754672940e-02 1.413261309726946413e-01 1.431696350739830037e-01 1.431696350739830870e-01 8.203124177501081027e-02 8.203124177501081027e-02 1.650257544005979682e-01 -1.684509907101338655e+01 5.697042973576184333e-02 5.697042973576171149e-02 8.326456325269822323e-02 0.000000000000000000e+00 0.000000000000000000e+00
6.702555177540148179e-12 -9.529908464965083925e-02 -4.751386888076360865e-02 -4.751386888076366416e-02 9.984071603119037963e-03 0.000000000000000000e+00 -2.058671898685865420e-02 -9.611699397139043810e-02 4.512575516218565036e-02 0.000000000000000000e+00 5.697042973576184333e-02 -1.840509033268536143e+01 7.704806896467568389e-02 0.000000000000000000e+00 1.496894044419242766e-02 0.000000000000000000e+00
6.702555177540148179e-12 -9.529908464965089476e-02 -4.751386888076360171e-02 -4.751386888076365722e-02 9.984071603119037963e-03 -2.058671898685865420e-02 0.000000000000000000e+00 4.512575516218568505e-02 -9.611699397139053525e-02 0.000000000000000000e+00 5.697042973576171149e-02 7.704806896467568389e-02 -1.840509033268535788e+01 0.000000000000000000e+00 0.000000000000000000e+00 1.496894044419242766e-02
0.000000000000000000e+00 5.654698698044686306e-02 0.000000000000000000e+00 0.000000000000000000e+00 8.178922279518339999e-02 -7.230075149200605733e-02 -7.230075149200608509e-02 -6.113839329897235997e-02 -6.113839329897225588e-02 7.704806896467561450e-02 8.326456325269822323e-02 0.000000000000000000e+00 0.000000000000000000e+00 -1.594097650186043502e+01 0.000000000000000000e+00 0.000000000000000000e+00
0.000000000000000000e+00 4.751386888076359477e-02 9.529908464965085313e-02 0.000000000000000000e+00 0.000000000000000000e+00 0.000000000000000000e+00 1.382080224860339490e-02 0.000000000000000000e+00 0.000000000000000000e+00 0.000000000000000000e+00 0.000000000000000000e+00 1.496894044419242766e-02 0.000000000000000000e+00 0.000000000000000000e+00 -1.772492885593266365e+01 7.704806896467568389e-02
0.000000000000000000e+00 4.751386888076361559e-02 9.529908464965089476e-02 0.000000000000000000e+00 0.000000000000000000e+00 1.382080224860339490e-02 0.000000000000000000e+00 0.000000000000000000e+00 0.000000000000000000e+00 0.000000000000000000e+00 0.000000000000000000e+00 0.000000000000000000e+00 1.496894044419242766e-02 0.000000000000000000e+00 7.704806896467568389e-02 -1.772492885593266010e+01
