-1.776190984693941743e+01 9.835845337901626129e-02 -8.690315840384071899e-02 -8.690315840384074675e-02 9.142930002483076746e-02 -6.578369369691657031e-02 -6.578369369691658419e-02 9.363185507111805583e-02 4.691438393333279694e-02 4.691438393333279694e-02 5.839648510891094768e-02 0.000000000000000000e+00 -3.015717120469219026e-10 -3.015717675580731338e-10 2.111946470692414868e-02 2.111946470692414868e-02
9.835845337901626129e-02 -1.716388518683931252e+01 1.335391409169192078e-01 1.335391409169191801e-01 1.482990437317302235e-01 6.775544722000265141e-02 6.775544722000265141e-02 1.298693766075645628e-01 0.000000000000000000e+00 0.000000000000000000e+00 0.000000000000000000e+00 5.839648510891094768e-02 -9.362903085703791484e-02 -9.362903085703791484e-02 -6.578369369691655644e-02 -6.578369369691659807e-02
-8.690315840384071899e-02 1.335391409169192078e-01 -1.689941712537762442e+01 0.000000000000000000e+00 4.663598251307850273e-02 1.482990437317302235e-01 1.298693766075645351e-01 4.663598251307846110e-02 0.000000000000000000e+00 0.000000000000000000e+00 1.335391409169191801e-01 -8.690315840384074675e-02 0.000000000000000000e+00 -2.700824388312095259e-02 -9.142930002483082297e-02 -9.363185507111804196e-02
-8.690315840384074675e-02 1.335391409169191801e-01 0.000000000000000000e+00 -1.689941712537762442e+01 4.663598251307850273e-02 1.298693766075645628e-01 1.482990437317302235e-01 4.663598251307846110e-02 0.000000000000000000e+00 0.000000000000000000e+00 1.335391409169192078e-01 -8.690315840384071899e-02 -2.700824388312089708e-02 0.000000000000000000e+00 -9.363185507111804196e-02 -9.142930002483076746e-02
9.142930002483076746e-02 1.482990437317302235e-01 4.663598251307850273e-02 4.663598251307850273e-02 -1.705837337036407320e+01 1.335391409169191801e-01 1.335391409169192078e-01 0.000000000000000000e+00 4.558834493256413989e-02 4.558834493256413989e-02 1.298693766075645628e-01 9.363185507111805583e-02 2.112912832277957786e-02 2.112912832277952235e-02 8.690315840384071899e-02 8.690315840384078838e-02
-6.578369369691657031e-02 6.775544722000265141e-02 1.482990437317302235e-01 1.298693766075645628e-01 1.335391409169191801e-01 -1.692772334198565076e+01 0.000000000000000000e+00 1.335391409169192078e-01 0.000000000000000000e+00 0.000000000000000000e+00 6.775544722000265141e-02 -6.578369369691658419e-02 -9.058226805604567555e-02 3.352037669030119571e-02 9.835845337901624741e-02 5.839648510891095462e-02
-6.578369369691658419e-02 6.775544722000265141e-02 1.298693766075645351e-01 1.482990437317302235e-01 1.335391409169192078e-01 0.000000000000000000e+00 -1.692772334198564721e+01 1.335391409169191801e-01 0.000000000000000000e+00 0.000000000000000000e+00 6.775544722000265141e-02 -6.578369369691657031e-02 3.352037669030120265e-02 -9.058226805604567555e-02 5.839648510891094074e-02 9.835845337901626129e-02
9.363185507111805583e-02 1.298693766075645628e-01 4.663598251307846110e-02 4.663598251307846110e-02 0.000000000000000000e+00 1.335391409169192078e-01 1.335391409169191801e-01 -1.669115977366791270e+01 0.000000000000000000e+00 0.000000000000000000e+00 1.482990437317302235e-01 9.142930002483076746e-02 0.000000000000000000e+00 0.000000000000000000e+00 8.690315840384067736e-02 8.690315840384070512e-02
4.691438393333279694e-02 0.000000000000000000e+00 0.000000000000000000e+00 0.000000000000000000e+00 4.558834493256413989e-02 0.000000000000000000e+00 0.000000000000000000e+00 0.000000000000000000e+00 -1.706749865097619079e+01 2.424937922117121128e-02 1.724765147430785961e-02 0.000000000000000000e+00 -4.537370703757409585e-02 -4.537370703757409585e-02 0.000000000000000000e+00 0.000000000000000000e+00
4.691438393333279694e-02 0.000000000000000000e+00 0.000000000000000000e+00 0.000000000000000000e+00 4.558834493256413989e-02 0.000000000000000000e+00 0.000000000000000000e+00 0.000000000000000000e+00 2.424937922117121128e-02 -1.706749865097619079e+01 1.724765147430785961e-02 0.000000000000000000e+00 -4.537370703757408891e-02 -4.537370703757408891e-02 0.000000000000000000e+00 0.000000000000000000e+00
5.839648510891094768e-02 0.000000000000000000e+00 1.335391409169191801e-01 1.335391409169192078e-01 1.298693766075645628e-01 6.775544722000265141e-02 6.775544722000265141e-02 1.482990437317302235e-01 1.724765147430785961e-02 1.724765147430785961e-02 -1.664950599963975009e+01 9.835845337901626129e-02 3.731735540972577064e-02 3.731735540972579146e-02 -6.578369369691658419e-02 -6.578369369691657031e-02
0.000000000000000000e+00 5.839648510891094768e-02 -8.690315840384074675e-02 -8.690315840384071899e-02 9.363185507111805583e-02 -6.578369369691658419e-02 -6.578369369691657031e-02 9.142930002483076746e-02 0.000000000000000000e+00 0.000000000000000000e+00 9.835845337901626129e-02 -1.623128366578621495e+01 0.000000000000000000e+00 0.000000000000000000e+00 2.111946470692413480e-02 2.111946470692413480e-02
-3.015717120469219026e-10 -9.362903085703791484e-02 0.000000000000000000e+00 -2.700824388312089708e-02 2.112912832277957786e-02 -9.058226805604567555e-02 3.352037669030120265e-02 0.000000000000000000e+00 -4.537370703757409585e-02 -4.537370703757408891e-02 3.731735540972577064e-02 0.000000000000000000e+00 -1.741735320417017618e+01 9.142930002483076746e-02 -3.005364748262395747e-02 0.000000000000000000e+00
-3.015717675580731338e-10 -9.362903085703791484e-02 -2.700824388312095259e-02 0.000000000000000000e+00 2.112912832277952235e-02 3.352037669030119571e-02 -9.058226805604567555e-02 0.000000000000000000e+00 -4.537370703757409585e-02 -4.537370703757408891e-02 3.731735540972579146e-02 0.000000000000000000e+00 9.142930002483076746e-02 -1.741735320417016908e+01 0.000000000000000000e+00 -3.005364748262395747e-02
2.111946470692414868e-02 -6.578369369691655644e-02 -9.142930002483082297e-02 -9.363185507111804196e-02 8.690315840384071899e-02 9.835845337901624741e-02 5.839648510891094074e-02 8.690315840384067736e-02 0.000000000000000000e+00 0.000000000000000000e+00 -6.578369369691658419e-02 2.111946470692413480e-02 -3.005364748262395747e-02 0.000000000000000000e+00 -1.702083060722899788e+01 0.000000000000000000e+00
2.111946470692414868e-02 -6.578369369691659807e-02 -9.363185507111804196e-02 -9.142930002483076746e-02 8.690315840384078838e-02 5.839648510891095462e-02 9.835845337901626129e-02 8.690315840384070512e-02 0.000000000000000000e+00 0.000000000000000000e+00 -6.578369369691657031e-02 2.111946470692413480e-02 0.000000000000000000e+00 -3.005364748262395747e-02 0.000000000000000000e+00 -1.702083060722899432e+01
