counts:[1, 2, 3, 4, 5, 6, 7, 8, 9, 10, 11, 12, 13, 14, 15, 16, 17, 18, 19, 20, 21, 22, 23, 24, 25, 26, 27, 28, 29, 30, 31, 32, 33, 34, 35, 36, 37, 38, 39, 40, 41, 42, 43, 44, 45, 46, 47, 48, 49, 50, 51, 52, 53, 54, 55, 56, 57, 58, 59, 60, 61, 62, 63, 64, 65, 66, 67, 68, 69, 70, 71, 72, 73, 74, 75, 76, 77, 78, 79, 80, 81, 82, 83, 84, 85, 86, 87, 88, 89, 90, 91, 92, 93, 94, 95, 96, 97, 98, 99, 100]
 energies:[-7.863357621538324, -7.664201902618524, -7.827025862683451, -7.506409239309878, -7.689345263246585, -7.693171578482017, -7.664201902618524, -7.506409239309878, -7.664201902618524, -7.827025862683453, -7.626417220863219, -7.840553180253044, -7.856302138498652, -7.861127908576348, -7.848378912875356, -7.8603229206403, -7.857512945817229, -7.863740013953164, -7.838730973663411, -7.863571726523711, -7.84914431623527, -7.874664727817448, -7.862299593014184, -7.872441282042383, -7.876361227891161, -7.871838871648185, -7.874721421303821, -7.874904351647704, -7.8726348948651825, -7.875630354044471, -7.876977433292334, -7.87726319172782, -7.876302786253964, -7.8758190429306705, -7.87445286784625, -7.877984066527166, -7.876855066241095, -7.880124537632479, -7.878604842179723, -7.876881768283278, -7.877558330781206, -7.879694349811107, -7.878154543057381, -7.879462121686382, -7.879878062813484, -7.8800142048030875, -7.880270572288602, -7.879907407813645, -7.88044619089241, -7.880247290761844, -7.88069787825118, -7.880531303933257, -7.880753356270805, -7.881014933941973, -7.880924194921343, -7.88099627276924, -7.880946730649368, -7.880878213895448, -7.880773939287993, -7.881001797807981, -7.880875558984583, -7.880996536297825, -7.8810061486376455, -7.881027728114789, -7.881031502880212, -7.8810445043811335, -7.881035558636592, -7.881127734101554, -7.881172127559065, -7.881229985260417, -7.881266215805617, -7.881287538240745, -7.88128304752777, -7.881307687125405, -7.8813152584975175, -7.881314362780357, -7.881330322810612, -7.88138115038023, -7.881416674422649, -7.881447605462734, -7.881457639432627, -7.881471801404336, -7.881479703486354, -7.8814843684152684, -7.88148780335654, -7.881480362959209, -7.881489740821795, -7.881473686871468, -7.881495134718206, -7.881482697256036, -7.881465112434411, -7.881498871270017, -7.881497990156763, -7.881489001208788, -7.881496393174482, -7.881516775942849, -7.881530286522363, -7.881533387847089, -7.88152792822736, -7.881534916585558]
 std_values:[0.0, 0.0, 0.0, 0.0, 0.0, 0.0, 0.0, 0.0, 0.0, 0.0, 0.0, 0.0, 0.0, 0.0, 0.0, 0.0, 0.0, 0.0, 0.0, 0.0, 0.0, 0.0, 0.0, 0.0, 0.0, 0.0, 0.0, 0.0, 0.0, 0.0, 0.0, 0.0, 0.0, 0.0, 0.0, 0.0, 0.0, 0.0, 0.0, 0.0, 0.0, 0.0, 0.0, 0.0, 0.0, 0.0, 0.0, 0.0, 0.0, 0.0, 0.0, 0.0, 0.0, 0.0, 0.0, 0.0, 0.0, 0.0, 0.0, 0.0, 0.0, 0.0, 0.0, 0.0, 0.0, 0.0, 0.0, 0.0, 0.0, 0.0, 0.0, 0.0, 0.0, 0.0, 0.0, 0.0, 0.0, 0.0, 0.0, 0.0, 0.0, 0.0, 0.0, 0.0, 0.0, 0.0, 0.0, 0.0, 0.0, 0.0, 0.0, 0.0, 0.0, 0.0, 0.0, 0.0, 0.0, 0.0, 0.0, 0.0]
 ci_ground energy:-7.881566899421189