counts:[1, 2, 3, 4, 5, 6, 7, 8, 9, 10, 11, 12, 13, 14, 15, 16, 17, 18, 19]
 energies:[-1.04953041852305, -0.41234738265461623, -0.6183570952151183, -0.9727177361230963, -0.9821168010690873, -1.058358223327548, -1.0448516031943946, -1.049158134200468, -1.0560148076082292, -1.0564443784115627, -1.055520589797694, -1.053262772224535, -1.0587151322186081, -1.0527101310424876, -1.0533802156000267, -1.0571148065549016, -1.054079108110247, -1.048896956753422, -1.0489381875031392]
 std_values:[0.0012345952610451003, 0.0067586353411933885, 0.007123102401269639, 0.004330043777454221, 0.002127262638414028, 0.0017295318543623242, 0.0025529501535936565, 0.002215472053850363, 0.0015696761996859567, 0.0018393722664194626, 0.00174794259480477, 0.0018299593248697573, 0.0015759412997087042, 0.0017522244360183542, 0.0017438638805466473, 0.0016432568926911585, 0.001821432878151713, 0.0019376151724660165, 0.0019128049507225518]
 ci_ground energy:-1.0551597946880176