counts:[1, 2, 3, 4, 5, 6, 7, 8, 9, 10, 11, 12, 13, 14, 15, 16, 17, 18, 19]
 energies:[-0.8288481477185698, -0.5443818616877076, -0.9617800692756682, -0.8209606307263713, -0.92308314847019, -0.9536832149152832, -0.9588725944836509, -0.9614914434381752, -0.9614882577389192, -0.9618169507802035, -0.9617811315211751, -0.961808128615572, -0.9618145460522545, -0.9618164491871164, -0.9618167755871292, -0.9618169318793228, -0.961816933606287, -0.9618169526905851, -0.9618169516230834]
 std_values:[0.0, 0.0, 0.0, 0.0, 0.0, 0.0, 0.0, 0.0, 0.0, 0.0, 0.0, 0.0, 0.0, 0.0, 0.0, 0.0, 0.0, 0.0, 0.0]
 ci_ground energy:-0.961816952720407