counts:[1, 2, 3, 4, 5, 6, 7, 8, 9, 10, 11, 12, 13, 14, 15, 16, 17, 18, 19, 20, 21, 22, 23, 24, 25]
 energies:[-0.8543376267387814, -0.5625212859877182, -0.9699158257174987, -0.8029938197990099, -0.917674452153671, -0.9679115173834871, -0.963714801228067, -0.9712214210925973, -0.9713220456331253, -0.9709201870759108, -0.9714099574960136, -0.9714224896659853, -0.9713596390834909, -0.9714004866911048, -0.9714264239515475, -0.971425646665184, -0.9714266242558003, -0.971425646665184, -0.9714262826972229, -0.971426684607428, -0.9714266713405901, -0.9714266871763177, -0.9714266829153779, -0.9714266883494749, -0.9714266864348498]
 std_values:[0.0, 0.0, 0.0, 0.0, 0.0, 0.0, 0.0, 0.0, 0.0, 0.0, 0.0, 0.0, 0.0, 0.0, 0.0, 0.0, 0.0, 0.0, 0.0, 0.0, 0.0, 0.0, 0.0, 0.0, 0.0]
 ci_ground energy:-0.9714266883717309