-8.405886321877872547e+00 1.321136551999700093e-01 5.524950014804832360e-02 5.524950014804832360e-02 3.233016342273083849e-02 -1.521325809217266567e-07 -1.521325809217266567e-07 -1.213828545038042606e-07
1.321136551999700093e-01 -7.859805215765991449e+00 -3.052091008428443886e-02 -3.052091008428444233e-02 3.952170302329958279e-02 -4.608561827540361144e-02 -4.608561827540365308e-02 2.737293076229824207e-02
5.524950014804832360e-02 -3.052091008428443886e-02 -7.989682443249890298e+00 3.952170302329956891e-02 -1.151599901070822080e-01 -2.733934789435318174e-02 1.162225954189302635e-01 1.813043925657701477e-02
5.524950014804832360e-02 -3.052091008428444233e-02 3.952170302329956891e-02 -7.989682443249890298e+00 -1.151599901070821941e-01 1.162225954189302635e-01 -2.733934789435317481e-02 -4.608561827540365308e-02
3.233016342273083849e-02 3.952170302329958279e-02 -1.151599901070822080e-01 -1.151599901070821941e-01 -7.897500677476041453e+00 8.780935022687982872e-02 8.780935022687982872e-02 -2.733934789435316787e-02
-1.521325809217266567e-07 -4.608561827540361144e-02 -2.733934789435318174e-02 1.162225954189302635e-01 8.780935022687982872e-02 -8.311995451982443939e+00 3.233016342273085236e-02 -1.135855822930287307e-02
-1.521325809217266567e-07 -4.608561827540365308e-02 1.162225954189302635e-01 -2.733934789435317481e-02 8.780935022687982872e-02 3.233016342273085236e-02 -8.311995451982445715e+00 5.524950014804830972e-02
-1.213828545038042606e-07 2.737293076229824207e-02 1.813043925657701477e-02 -4.608561827540365308e-02 -2.733934789435316787e-02 -1.135855822930287307e-02 5.524950014804830972e-02 -8.145065775504399141e+00
