counts:[1, 2, 3, 4, 5, 6, 7, 8, 9, 10, 11, 12, 13, 14, 15, 16, 17, 18, 19, 20, 21]
 energies:[-0.8053328446910956, -0.5267995294901943, -0.9537794566692518, -0.8356582349685718, -0.9269248659005017, -0.94030794111816, -0.9537638104560154, -0.9520878839775179, -0.9542009074341072, -0.954338826938394, -0.9541930805060578, -0.9543014095611334, -0.9543309402168404, -0.9543361213593365, -0.9543385174896085, -0.9543385661027365, -0.9543388534662137, -0.9543388107340133, -0.9543388407576158, -0.9543388536730545, -0.9543388509749194]
 std_values:[0.0, 0.0, 0.0, 0.0, 0.0, 0.0, 0.0, 0.0, 0.0, 0.0, 0.0, 0.0, 0.0, 0.0, 0.0, 0.0, 0.0, 0.0, 0.0, 0.0, 0.0]
 ci_ground energy:-0.95433885394012