counts:[1, 2, 3, 4, 5, 6, 7, 8, 9, 10, 11, 12, 13, 14, 15, 16, 17, 18, 19, 20, 21, 22]
 energies:[-77.07354793241754, -76.77936002473928, -77.06720500423052, -77.11466530997302, -77.0657332971189, -77.102582623512, -77.11318230372649, -77.1136022465505, -77.11543796204325, -77.11489645182454, -77.11523185227918, -77.11556856353198, -77.11527596710062, -77.11586775397566, -77.11478940553647, -77.11567963446922, -77.11581957046178, -77.11543671834812, -77.11476282082009, -77.1150312449144, -77.11654497312483, -77.11618743125172]
 std_values:[0.0005366630822438476, 0.0009241617651060289, 0.0009185920221704214, 0.0006879499947308323, 0.0009215801095940291, 0.0008081104061654878, 0.0006284620773317126, 0.0007171917170009551, 0.0006691900175975285, 0.0006584264867333564, 0.0006641682031024854, 0.0006712429700879108, 0.0006777295797744484, 0.0006738486215783394, 0.0006788448798166007, 0.0006754555403425, 0.0006756533194298004, 0.00067554698852175, 0.0006776687322567769, 0.0006759745992476874, 0.0006720267994813704, 0.0006733249727806015]
 ci_ground energy:-77.115184896856