counts:[1, 2, 3, 4, 5, 6, 7, 8, 9, 10, 11, 12, 13, 14, 15, 16, 17, 18, 19, 20, 21, 22, 23, 24, 25, 26, 27, 28, 29, 30, 31, 32, 33, 34, 35, 36, 37, 38, 39, 40, 41, 42, 43, 44, 45, 46, 47, 48, 49, 50, 51, 52, 53, 54, 55, 56, 57, 58, 59, 60, 61, 62, 63, 64, 65, 66, 67, 68, 69, 70, 71, 72, 73, 74, 75, 76, 77, 78, 79, 80, 81, 82, 83, 84, 85, 86, 87, 88, 89, 90, 91, 92, 93, 94, 95, 96, 97, 98, 99, 100]
 energies:[-7.645133466682166, -7.520263542686272, -7.636191651250968, -7.49625296833978, -7.616703377466051, -7.616703377466051, -7.520263542686271, -7.49625296833978, -7.520263542686272, -7.636191651250968, -7.746145940843634, -7.73259570678978, -7.7199165204936655, -7.60286308554555, -7.667139701883389, -7.746145940843634, -7.759054445342562, -7.760597239763131, -7.731990924840822, -7.768751433002178, -7.738611392361191, -7.768215944622877, -7.764024883076782, -7.759949364995769, -7.768751433002185, -7.763128617854489, -7.769209144509086, -7.762264199712053, -7.7646882055326465, -7.7756137964612115, -7.774074330807629, -7.776847502852204, -7.768007286557918, -7.775229353657355, -7.778384791754874, -7.777445816703533, -7.77968688457168, -7.779686884571673, -7.779602085152677, -7.777903481778777, -7.780628336888704, -7.7800524893649055, -7.781159224111798, -7.7809837347508655, -7.781033226035397, -7.777409782362616, -7.781197180759513, -7.78175543617893, -7.781755611221794, -7.779244355241243, -7.782148978988447, -7.781627442644782, -7.782057973901427, -7.7824301096459845, -7.782118297688411, -7.782103825587104, -7.782105625303069, -7.783104945607697, -7.783334725084504, -7.7830006538561385, -7.783174658736236, -7.78319016518547, -7.783236277741558, -7.783441698495007, -7.783377455123919, -7.783318445596084, -7.78342040358131, -7.7833965619350955, -7.783320505121107, -7.782829080204836, -7.783365128958335, -7.783569484037649, -7.783566688995801, -7.783501767917482, -7.783570726141605, -7.783574040363245, -7.783594420822514, -7.783593971735945, -7.783626622621714, -7.783669167005398, -7.783695443557402, -7.783660266962894, -7.783703053495685, -7.78371823655479, -7.783718909534279, -7.783698032932868, -7.783676713153948, -7.783711499710144, -7.783723210796669, -7.783696448702118, -7.783727312989164, -7.783732823818539, -7.783697990498002, -7.783741017839393, -7.783714077825065, -7.783754013093031, -7.783743458875122, -7.783748203566592, -7.783754612955082, -7.783748334358075]
 std_values:[0.0, 0.0, 0.0, 0.0, 0.0, 0.0, 0.0, 0.0, 0.0, 0.0, 0.0, 0.0, 0.0, 0.0, 0.0, 0.0, 0.0, 0.0, 0.0, 0.0, 0.0, 0.0, 0.0, 0.0, 0.0, 0.0, 0.0, 0.0, 0.0, 0.0, 0.0, 0.0, 0.0, 0.0, 0.0, 0.0, 0.0, 0.0, 0.0, 0.0, 0.0, 0.0, 0.0, 0.0, 0.0, 0.0, 0.0, 0.0, 0.0, 0.0, 0.0, 0.0, 0.0, 0.0, 0.0, 0.0, 0.0, 0.0, 0.0, 0.0, 0.0, 0.0, 0.0, 0.0, 0.0, 0.0, 0.0, 0.0, 0.0, 0.0, 0.0, 0.0, 0.0, 0.0, 0.0, 0.0, 0.0, 0.0, 0.0, 0.0, 0.0, 0.0, 0.0, 0.0, 0.0, 0.0, 0.0, 0.0, 0.0, 0.0, 0.0, 0.0, 0.0, 0.0, 0.0, 0.0, 0.0, 0.0, 0.0, 0.0]
 ci_ground energy:-7.7839943305636865