counts:[1, 2, 3, 4, 5, 6, 7, 8, 9, 10, 11, 12, 13, 14, 15, 16, 17, 18, 19, 20]
 energies:[-0.7845594979677506, -0.5095405884006037, -0.9466474167745345, -0.8488275141240758, -0.9314914408635433, -0.9286527898463925, -0.9493514415057962, -0.946778417123145, -0.9517977644374427, -0.9465065142644862, -0.947476608593766, -0.9504314890811381, -0.9503046985971277, -0.9494710877932748, -0.9464282234648238, -0.948883050660607, -0.9484459842440434, -0.950964360486173, -0.9490755784515419, -0.9475880919653712]
 std_values:[0.001832377705879073, 0.0012284575175949277, 0.0012168946569860995, 0.0010822306627615603, 0.0008545952693027177, 0.001461147744569286, 0.0011016295414602781, 0.0010038090920571998, 0.0010119322315632919, 0.0010006572529252461, 0.001025520165857702, 0.0010390803994995694, 0.0010181961160174616, 0.0010373638302949492, 0.001055914678314837, 0.0010308169230023843, 0.0010526338398465724, 0.0010254585067780376, 0.0010379695844648677, 0.0010506759192890564]
 ci_ground energy:-0.9486411121296496