counts:[1, 2, 3, 4, 5, 6, 7, 8, 9, 10, 11, 12, 13, 14, 15, 16, 17, 18, 19, 20, 21, 22, 23, 24, 25, 26, 27, 28, 29, 30, 31, 32, 33, 34, 35, 36, 37, 38, 39, 40, 41, 42, 43, 44, 45, 46, 47, 48, 49, 50, 51, 52, 53, 54, 55, 56, 57, 58, 59, 60, 61, 62, 63, 64, 65, 66, 67, 68, 69, 70, 71, 72, 73, 74, 75, 76, 77, 78, 79, 80, 81, 82, 83, 84, 85, 86, 87, 88, 89, 90, 91, 92, 93, 94, 95, 96, 97, 98, 99, 100]
 energies:[-7.841112040685001, -7.671633584872083, -7.810312501770982, -7.539523910575003, -7.67455006371552, -7.810312501770982, -7.671633584872085, -7.539523910575003, -7.671633584872083, -7.680828015647123, -7.69098631511287, -7.846303554761404, -7.846415463823513, -7.839690588885194, -7.8434098629705975, -7.850508470105542, -7.843501012224728, -7.850907079476999, -7.837189627448179, -7.850351533305995, -7.852692123291419, -7.863509908125616, -7.862118338868111, -7.859882498657944, -7.8558402401027205, -7.86040187373578, -7.863085584611424, -7.861728719889097, -7.86262644065261, -7.864637125146222, -7.864540044232275, -7.863196681571138, -7.865449529481088, -7.8594942125792215, -7.863764685240918, -7.864574586537467, -7.865636215197778, -7.865609909006427, -7.866173807931963, -7.865825885055491, -7.865218147712179, -7.866415290577127, -7.865605101724185, -7.866752279988399, -7.8668349173803005, -7.866991007570311, -7.866661778254919, -7.867085856847396, -7.866976473046183, -7.867050361335588, -7.866852545329158, -7.867076876670891, -7.867081064490019, -7.866928349305594, -7.866696666791791, -7.867126647998825, -7.86735060686649, -7.866972391905216, -7.867248300062336, -7.867475158902934, -7.867480797337814, -7.867362245860544, -7.867203451913731, -7.867464569109963, -7.86742718352269, -7.867502156676274, -7.867499710827344, -7.867505138877382, -7.867516093840743, -7.86748482236993, -7.867511482668537, -7.867515765217933, -7.867497253514479, -7.867516976144977, -7.867504252219856, -7.867512001037701, -7.867514837078225, -7.867504083264645, -7.8675270581787995, -7.867515512826007, -7.867511387312549, -7.86753804828788, -7.867539468347985, -7.867535632263598, -7.8675334009184414, -7.867536211202266, -7.867537661679167, -7.867539224352182, -7.8675400131721975, -7.867529455814694, -7.867538668984668, -7.867537260300516, -7.8675386978279445, -7.867545411506635, -7.867544818889897, -7.867545748911155, -7.867549416982897, -7.867547883812199, -7.867545597963506, -7.867549739297555]
 std_values:[0.0, 0.0, 0.0, 0.0, 0.0, 0.0, 0.0, 0.0, 0.0, 0.0, 0.0, 0.0, 0.0, 0.0, 0.0, 0.0, 0.0, 0.0, 0.0, 0.0, 0.0, 0.0, 0.0, 0.0, 0.0, 0.0, 0.0, 0.0, 0.0, 0.0, 0.0, 0.0, 0.0, 0.0, 0.0, 0.0, 0.0, 0.0, 0.0, 0.0, 0.0, 0.0, 0.0, 0.0, 0.0, 0.0, 0.0, 0.0, 0.0, 0.0, 0.0, 0.0, 0.0, 0.0, 0.0, 0.0, 0.0, 0.0, 0.0, 0.0, 0.0, 0.0, 0.0, 0.0, 0.0, 0.0, 0.0, 0.0, 0.0, 0.0, 0.0, 0.0, 0.0, 0.0, 0.0, 0.0, 0.0, 0.0, 0.0, 0.0, 0.0, 0.0, 0.0, 0.0, 0.0, 0.0, 0.0, 0.0, 0.0, 0.0, 0.0, 0.0, 0.0, 0.0, 0.0, 0.0, 0.0, 0.0, 0.0, 0.0]
 ci_ground energy:-7.867568128523153