-9.251953751221218880e+00 1.220422968344385406e-01 -2.995346683928106282e-02 -2.995346683928103854e-02 2.646917064813298845e-02 2.646917064813298151e-02 1.002557967200168321e-09 1.002557967200168321e-09
1.220422968344385406e-01 -8.010065150302400738e+00 2.847063821003584932e-02 2.847063821003584586e-02 1.655652318522255612e-02 1.655652318522256305e-02 -2.928253698562006610e-02 -2.928253698561984752e-02
-2.995346683928106282e-02 2.847063821003584932e-02 -8.429748018107591889e+00 2.676041697356755858e-02 -1.300934607464289058e-02 -1.300934607464289058e-02 5.469907213887484528e-03 -1.468202445494489750e-01
-2.995346683928103854e-02 2.847063821003584586e-02 2.676041697356755858e-02 -8.429748018107591889e+00 -1.300934607464288018e-02 -1.300934607464288711e-02 -1.468202445494489750e-01 5.469907213887455905e-03
2.646917064813298845e-02 1.655652318522255612e-02 -1.300934607464289058e-02 -1.300934607464288018e-02 -8.595322913945789622e+00 1.686913951369105671e-02 1.937302192864282999e-02 1.937302192864282999e-02
2.646917064813298151e-02 1.655652318522256305e-02 -1.300934607464289058e-02 -1.300934607464288711e-02 1.686913951369105671e-02 -8.595322913945789622e+00 1.937302192864282305e-02 1.937302192864282305e-02
1.002557967200168321e-09 -2.928253698562006610e-02 5.469907213887484528e-03 -1.468202445494489750e-01 1.937302192864282999e-02 1.937302192864282305e-02 -9.089474099857127953e+00 9.769312100934998688e-03
1.002557967200168321e-09 -2.928253698561984752e-02 -1.468202445494489750e-01 5.469907213887455905e-03 1.937302192864282999e-02 1.937302192864282305e-02 9.769312100934998688e-03 -9.089474099857127953e+00
