counts:[1, 2, 3, 4, 5, 6, 7, 8, 9, 10, 11, 12, 13, 14, 15, 16, 17, 18, 19, 20]
 energies:[-74.96335289040208, -74.44049940622776, -74.63287352900944, -74.91335567598009, -74.91580936242069, -74.96572602840605, -74.9715014785083, -74.97870587480662, -74.96015551333397, -74.9653717866073, -74.97068599212511, -74.9776651529573, -74.97720761573908, -74.97964240715625, -74.9767642264545, -74.96317254792729, -74.96989200316962, -74.97121851159464, -74.97810199469912, -74.9750072095275]
 std_values:[0.0012201435061658906, 0.005367625901393896, 0.005679844884338272, 0.003433299857002241, 0.0014233565817852985, 0.0016124771763592041, 0.001684967040747181, 0.0018026498672905386, 0.002356540308214064, 0.0022002105464650553, 0.001957181662477614, 0.0018556086311252238, 0.0017810126404065405, 0.0017808329421373813, 0.001903210027383043, 0.0021932285636627968, 0.001959708319633587, 0.0020023160924734482, 0.0018289016882562402, 0.0018956515022985406]
 ci_ground energy:-74.97490887856112