counts:[1, 2, 3, 4, 5, 6, 7, 8, 9, 10, 11, 12, 13, 14, 15, 16, 17, 18]
 energies:[-1.009907834504678, -0.6600033529497368, -0.9943008382945323, -1.0631276184187786, -0.9854226482053493, -1.039091399567361, -1.05122529912666, -1.0502626787065013, -1.055767534175518, -1.0567109904095107, -1.0576980572049113, -1.0533156624790667, -1.0538371636500705, -1.054659216657564, -1.049392073696417, -1.0521860664778502, -1.0576383450820859, -1.0512222131785984]
 std_values:[0.0014998259590778406, 0.0024677660089699573, 0.0025318622011336438, 0.0018929114672712488, 0.0025651659589150714, 0.0022431580101645128, 0.001781896499092148, 0.0020229635298858457, 0.001884683710896379, 0.0019344424343034042, 0.0019034163960523123, 0.0019465882770788555, 0.001935921477043182, 0.0019347111443803436, 0.0019644808140610462, 0.0019570110994208863, 0.001920516973436525, 0.0019694980826534115]
 ci_ground energy:-1.0567407461794303