-2.126716175920700991e+01 6.615066153847176667e-02 6.615066153847178054e-02 1.005202283751403941e-01 7.119595367196203395e-02 6.962621224223015937e-02 6.962621224223078387e-02 6.600167114929997303e-02 6.600167114930007017e-02 8.058966520846985726e-02 5.329259464475055025e-02 -7.083402198126975691e-10 -7.083402198126975691e-10 0.000000000000000000e+00 0.000000000000000000e+00 0.000000000000000000e+00
6.615066153847176667e-02 -2.053399380090170823e+01 2.424937922117122863e-02 0.000000000000000000e+00 3.687358768976931045e-02 0.000000000000000000e+00 0.000000000000000000e+00 0.000000000000000000e+00 0.000000000000000000e+00 0.000000000000000000e+00 1.031813888445531728e-02 -4.062362091689816768e-02 -4.062362091689812604e-02 0.000000000000000000e+00 0.000000000000000000e+00 -1.099675229099846274e-01
6.615066153847178054e-02 2.424937922117122863e-02 -2.053399380090170823e+01 0.000000000000000000e+00 3.687358768976931045e-02 0.000000000000000000e+00 0.000000000000000000e+00 0.000000000000000000e+00 0.000000000000000000e+00 0.000000000000000000e+00 1.031813888445531902e-02 -4.062362091689817462e-02 -4.062362091689813298e-02 -1.099675229099846274e-01 -1.099675229099844886e-01 0.000000000000000000e+00
1.005202283751403941e-01 0.000000000000000000e+00 0.000000000000000000e+00 -1.949961167614974755e+01 1.562691027712423408e-01 -1.428047113754910002e-01 -1.428047113754910835e-01 -7.680304022619047211e-02 -7.680304022619047211e-02 1.589887568848598332e-01 0.000000000000000000e+00 -1.099675229099845580e-01 -1.099675229099845164e-01 -4.062362091689811910e-02 -4.062362091689813992e-02 -4.062362091689811217e-02
7.119595367196203395e-02 3.687358768976931045e-02 3.687358768976931045e-02 1.562691027712423408e-01 -1.955803735605734772e+01 -7.317849913326028577e-02 -7.317849913326028577e-02 -1.428047113754911668e-01 -1.428047113754910558e-01 0.000000000000000000e+00 1.589887568848598332e-01 8.254727849779597282e-03 8.254727849779652793e-03 0.000000000000000000e+00 0.000000000000000000e+00 0.000000000000000000e+00
6.962621224223015937e-02 0.000000000000000000e+00 0.000000000000000000e+00 -1.428047113754910002e-01 -7.317849913326028577e-02 -1.843579632802637036e+01 0.000000000000000000e+00 1.562691027712423408e-01 1.589887568848619981e-01 -7.317849913326028577e-02 -1.428047113754910835e-01 0.000000000000000000e+00 2.282433111531284586e-02 0.000000000000000000e+00 1.070089618250731275e-02 0.000000000000000000e+00
6.962621224223078387e-02 0.000000000000000000e+00 0.000000000000000000e+00 -1.428047113754910835e-01 -7.317849913326028577e-02 0.000000000000000000e+00 -1.843579632802638457e+01 1.589887568848626087e-01 1.562691027712423408e-01 -7.317849913326028577e-02 -1.428047113754910002e-01 2.282433111531284586e-02 0.000000000000000000e+00 1.070089618250731796e-02 0.000000000000000000e+00 1.070089618250732143e-02
6.600167114929997303e-02 0.000000000000000000e+00 0.000000000000000000e+00 -7.680304022619047211e-02 -1.428047113754911668e-01 1.562691027712423408e-01 1.589887568848626087e-01 -1.843376912388691125e+01 0.000000000000000000e+00 -1.428047113754910558e-01 -7.680304022619047211e-02 1.178696587665291201e-01 -5.458045365944606819e-02 0.000000000000000000e+00 0.000000000000000000e+00 0.000000000000000000e+00
6.600167114930007017e-02 0.000000000000000000e+00 0.000000000000000000e+00 -7.680304022619047211e-02 -1.428047113754910558e-01 1.589887568848619981e-01 1.562691027712423408e-01 0.000000000000000000e+00 -1.843376912388691835e+01 -1.428047113754911668e-01 -7.680304022619047211e-02 -5.458045365944616534e-02 1.178696587665286760e-01 0.000000000000000000e+00 0.000000000000000000e+00 0.000000000000000000e+00
8.058966520846985726e-02 0.000000000000000000e+00 0.000000000000000000e+00 1.589887568848598332e-01 0.000000000000000000e+00 -7.317849913326028577e-02 -7.317849913326028577e-02 -1.428047113754910558e-01 -1.428047113754911668e-01 -1.729911458948399883e+01 1.562691027712423408e-01 0.000000000000000000e+00 0.000000000000000000e+00 0.000000000000000000e+00 0.000000000000000000e+00 0.000000000000000000e+00
5.329259464475055025e-02 1.031813888445531728e-02 1.031813888445531902e-02 0.000000000000000000e+00 1.589887568848598332e-01 -1.428047113754910835e-01 -1.428047113754910002e-01 -7.680304022619047211e-02 -7.680304022619047211e-02 1.562691027712423408e-01 -1.729926285175703526e+01 7.338435153081236673e-02 7.338435153081035445e-02 0.000000000000000000e+00 0.000000000000000000e+00 0.000000000000000000e+00
-7.083402198126975691e-10 -4.062362091689816768e-02 -4.062362091689817462e-02 -1.099675229099845580e-01 8.254727849779597282e-03 0.000000000000000000e+00 2.282433111531284586e-02 1.178696587665291201e-01 -5.458045365944616534e-02 0.000000000000000000e+00 7.338435153081236673e-02 -2.042838453597095238e+01 7.119595367196217273e-02 -2.056419291417610484e-02 0.000000000000000000e+00 -2.056419291417610137e-02
-7.083402198126975691e-10 -4.062362091689812604e-02 -4.062362091689813298e-02 -1.099675229099845164e-01 8.254727849779652793e-03 2.282433111531284586e-02 0.000000000000000000e+00 -5.458045365944606819e-02 1.178696587665286760e-01 0.000000000000000000e+00 7.338435153081035445e-02 7.119595367196217273e-02 -2.042838453597095594e+01 0.000000000000000000e+00 -2.056419291417610484e-02 0.000000000000000000e+00
0.000000000000000000e+00 0.000000000000000000e+00 -1.099675229099846274e-01 -4.062362091689811910e-02 0.000000000000000000e+00 0.000000000000000000e+00 1.070089618250731796e-02 0.000000000000000000e+00 0.000000000000000000e+00 0.000000000000000000e+00 0.000000000000000000e+00 -2.056419291417610484e-02 0.000000000000000000e+00 -1.970387927921935756e+01 7.119595367196217273e-02 2.424937922117122863e-02
0.000000000000000000e+00 0.000000000000000000e+00 -1.099675229099844886e-01 -4.062362091689813992e-02 0.000000000000000000e+00 1.070089618250731275e-02 0.000000000000000000e+00 0.000000000000000000e+00 0.000000000000000000e+00 0.000000000000000000e+00 0.000000000000000000e+00 0.000000000000000000e+00 -2.056419291417610484e-02 7.119595367196217273e-02 -1.970387927921935756e+01 0.000000000000000000e+00
0.000000000000000000e+00 -1.099675229099846274e-01 0.000000000000000000e+00 -4.062362091689811217e-02 0.000000000000000000e+00 0.000000000000000000e+00 1.070089618250732143e-02 0.000000000000000000e+00 0.000000000000000000e+00 0.000000000000000000e+00 0.000000000000000000e+00 -2.056419291417610137e-02 0.000000000000000000e+00 2.424937922117122863e-02 0.000000000000000000e+00 -1.970387927921935045e+01
