-2.033624025230967192e+01 5.770265079703832539e-02 5.770265079703826294e-02 8.959846659941507474e-02 7.047657230105464077e-02 -6.550632917438327374e-02 -6.550632917438313496e-02 -6.497650963836489046e-02 -6.497650963836482108e-02 7.372124422579622027e-02 5.789473821221948618e-02 1.722293141437347685e-11 1.722293141437347685e-11 0.000000000000000000e+00 0.000000000000000000e+00 0.000000000000000000e+00
5.770265079703832539e-02 -1.952335798119879229e+01 2.424937922117122169e-02 0.000000000000000000e+00 4.695634023850196737e-02 0.000000000000000000e+00 0.000000000000000000e+00 0.000000000000000000e+00 0.000000000000000000e+00 0.000000000000000000e+00 1.346270345542393589e-02 -4.636478672141845780e-02 -4.636478672141843699e-02 1.071848569559802761e-01 1.071848569559803455e-01 0.000000000000000000e+00
5.770265079703826294e-02 2.424937922117122169e-02 -1.952335798119879229e+01 0.000000000000000000e+00 4.695634023850191185e-02 0.000000000000000000e+00 0.000000000000000000e+00 0.000000000000000000e+00 0.000000000000000000e+00 0.000000000000000000e+00 1.346270345542392027e-02 -4.636478672141840923e-02 -4.636478672141838842e-02 0.000000000000000000e+00 0.000000000000000000e+00 1.071848569559802761e-01
8.959846659941507474e-02 0.000000000000000000e+00 0.000000000000000000e+00 -1.871566073654739881e+01 1.669154264137361621e-01 1.472441657492198908e-01 1.472441657492200850e-01 8.226765611085502805e-02 8.226765611085502805e-02 1.551220065689065120e-01 0.000000000000000000e+00 -1.071848569559803038e-01 -1.071848569559803732e-01 4.636478672141843699e-02 4.636478672141844393e-02 4.636478672141838842e-02
7.047657230105464077e-02 4.695634023850196737e-02 4.695634023850191185e-02 1.669154264137361621e-01 -1.871603308965880785e+01 8.173783657483668641e-02 8.173783657483668641e-02 1.472441657492199463e-01 1.472441657492200018e-01 0.000000000000000000e+00 1.551220065689065120e-01 7.809815733543890026e-03 7.809815733543890026e-03 0.000000000000000000e+00 0.000000000000000000e+00 0.000000000000000000e+00
-6.550632917438327374e-02 0.000000000000000000e+00 0.000000000000000000e+00 1.472441657492198908e-01 8.173783657483668641e-02 -1.769855603189787274e+01 0.000000000000000000e+00 1.669154264137361621e-01 1.551220065689070393e-01 8.173783657483668641e-02 1.472441657492200850e-01 0.000000000000000000e+00 -2.143750446975729862e-02 0.000000000000000000e+00 1.332700880123208545e-02 0.000000000000000000e+00
-6.550632917438313496e-02 0.000000000000000000e+00 0.000000000000000000e+00 1.472441657492200850e-01 8.173783657483668641e-02 0.000000000000000000e+00 -1.769855603189787274e+01 1.551220065689056515e-01 1.669154264137361621e-01 8.173783657483668641e-02 1.472441657492198908e-01 -2.143750446975729168e-02 0.000000000000000000e+00 1.332700880123208025e-02 0.000000000000000000e+00 1.332700880123206637e-02
-6.497650963836489046e-02 0.000000000000000000e+00 0.000000000000000000e+00 8.226765611085502805e-02 1.472441657492199463e-01 1.669154264137361621e-01 1.551220065689056515e-01 -1.769526064361308926e+01 0.000000000000000000e+00 1.472441657492200018e-01 8.226765611085502805e-02 -1.103724309007643456e-01 5.898816221780827512e-02 0.000000000000000000e+00 0.000000000000000000e+00 0.000000000000000000e+00
-6.497650963836482108e-02 0.000000000000000000e+00 0.000000000000000000e+00 8.226765611085502805e-02 1.472441657492200018e-01 1.551220065689070393e-01 1.669154264137361621e-01 0.000000000000000000e+00 -1.769526064361308926e+01 1.472441657492199463e-01 8.226765611085502805e-02 5.898816221780839308e-02 -1.103724309007644566e-01 0.000000000000000000e+00 0.000000000000000000e+00 0.000000000000000000e+00
7.372124422579622027e-02 0.000000000000000000e+00 0.000000000000000000e+00 1.551220065689065120e-01 0.000000000000000000e+00 8.173783657483668641e-02 8.173783657483668641e-02 1.472441657492200018e-01 1.472441657492199463e-01 -1.666117991209054594e+01 1.669154264137361621e-01 0.000000000000000000e+00 0.000000000000000000e+00 0.000000000000000000e+00 0.000000000000000000e+00 0.000000000000000000e+00
5.789473821221948618e-02 1.346270345542393589e-02 1.346270345542392027e-02 0.000000000000000000e+00 1.551220065689065120e-01 1.472441657492200850e-01 1.472441657492198908e-01 8.226765611085502805e-02 8.226765611085502805e-02 1.669154264137361621e-01 -1.661440393181747055e+01 7.614472319194651173e-02 7.614472319194673378e-02 0.000000000000000000e+00 0.000000000000000000e+00 0.000000000000000000e+00
1.722293141437347685e-11 -4.636478672141845780e-02 -4.636478672141840923e-02 -1.071848569559803038e-01 7.809815733543890026e-03 0.000000000000000000e+00 -2.143750446975729168e-02 -1.103724309007643456e-01 5.898816221780839308e-02 0.000000000000000000e+00 7.614472319194651173e-02 -1.953753091978299494e+01 7.047657230105457138e-02 1.901404315471054776e-02 0.000000000000000000e+00 1.901404315471052348e-02
1.722293141437347685e-11 -4.636478672141843699e-02 -4.636478672141838842e-02 -1.071848569559803732e-01 7.809815733543890026e-03 -2.143750446975729862e-02 0.000000000000000000e+00 5.898816221780827512e-02 -1.103724309007644566e-01 0.000000000000000000e+00 7.614472319194673378e-02 7.047657230105457138e-02 -1.953753091978299494e+01 0.000000000000000000e+00 1.901404315471054776e-02 0.000000000000000000e+00
0.000000000000000000e+00 1.071848569559802761e-01 0.000000000000000000e+00 4.636478672141843699e-02 0.000000000000000000e+00 0.000000000000000000e+00 1.332700880123208025e-02 0.000000000000000000e+00 0.000000000000000000e+00 0.000000000000000000e+00 0.000000000000000000e+00 1.901404315471054776e-02 0.000000000000000000e+00 -1.881569842704835693e+01 7.047657230105457138e-02 2.424937922117122169e-02
0.000000000000000000e+00 1.071848569559803455e-01 0.000000000000000000e+00 4.636478672141844393e-02 0.000000000000000000e+00 1.332700880123208545e-02 0.000000000000000000e+00 0.000000000000000000e+00 0.000000000000000000e+00 0.000000000000000000e+00 0.000000000000000000e+00 0.000000000000000000e+00 1.901404315471054776e-02 7.047657230105457138e-02 -1.881569842704836049e+01 0.000000000000000000e+00
0.000000000000000000e+00 0.000000000000000000e+00 1.071848569559802761e-01 4.636478672141838842e-02 0.000000000000000000e+00 0.000000000000000000e+00 1.332700880123206637e-02 0.000000000000000000e+00 0.000000000000000000e+00 0.000000000000000000e+00 0.000000000000000000e+00 1.901404315471052348e-02 0.000000000000000000e+00 2.424937922117122169e-02 0.000000000000000000e+00 -1.881569842704835338e+01
