counts:[1, 2, 3, 4, 5, 6, 7, 8, 9, 10, 11, 12, 13, 14, 15, 16, 17, 18, 19, 20]
 energies:[-1.0384858334282407, -0.6558698551785226, -0.9970057653768712, -1.0758922764132546, -0.9945279742694385, -1.049303202134055, -1.0799446574127862, -1.06926279986667, -1.0788100674135368, -1.0836984455880034, -1.0806700839862802, -1.0813890325502666, -1.0781852419348583, -1.0808837063797054, -1.0814627142271864, -1.0771242566067647, -1.0802768333775594, -1.079248482153858, -1.0835251942619593, -1.080148714471425]
 std_values:[0.001442413384333234, 0.0028451190613797165, 0.0028520693317910903, 0.002036679603398741, 0.0028632204371963057, 0.00248217923621541, 0.0017870849630372944, 0.001613036173238281, 0.0016804805633355388, 0.0018206829832345865, 0.0019025817800864698, 0.001849674312598739, 0.001840228171041895, 0.0018467303859989782, 0.0018340185412005485, 0.0018774508613246658, 0.001843519316216039, 0.0018471404222290017, 0.001817833008648266, 0.0018304426355357718]
 ci_ground energy:-1.0791929448522461