counts:[1, 2, 3, 4, 5, 6, 7, 8, 9, 10, 11, 12, 13, 14, 15, 16, 17, 18, 19, 20, 21, 22, 23, 24, 25, 26, 27, 28, 29, 30, 31, 32, 33, 34, 35, 36, 37, 38, 39, 40, 41, 42, 43, 44, 45, 46, 47, 48, 49, 50, 51, 52, 53]
 energies:[-77.04296017808622, -76.6920383564094, -76.9162337659057, -77.05786695714917, -76.75615149445204, -76.62197877009652, -77.01904631331058, -76.94672605680938, -77.01065645115582, -76.98574310842596, -77.09844487658359, -77.10523899687445, -77.10934136366961, -77.10736832491548, -77.08272668384697, -77.10148332827691, -77.07248041078822, -77.11214886497399, -77.11518316985735, -77.10445625177672, -77.11119610583671, -77.10740686031255, -77.10795460145115, -77.11142377439768, -77.10989856872135, -77.10305904139753, -77.10725589715022, -77.10383837476505, -77.10342417583038, -77.09192629453062, -77.11231176067557, -77.10693089331255, -77.09017584913511, -77.10195337120115, -77.10983699046696, -77.11172970264224, -77.10980103473537, -77.10402293322832, -77.10144611711229, -77.09091253660523, -77.11730259169366, -77.11175458402226, -77.11739466551552, -77.10419907791297, -77.10414464054315, -77.11276550179153, -77.11003612233702, -77.10983529266318, -77.11517460129872, -77.09310478769956, -77.09877617370242, -77.10065433770083, -77.105090730961]
 std_values:[0.0027316529139118375, 0.004699150466870092, 0.003323440066184083, 0.003906739410924316, 0.0041703564558997755, 0.004955704393568351, 0.004231989437877436, 0.0040123747031856425, 0.004169272345906827, 0.004136933123569014, 0.0035385664516291654, 0.0032466986353128476, 0.0033109243937836648, 0.003002062181400832, 0.003396074126733583, 0.003476120929346618, 0.0034978337601393535, 0.003428724168953139, 0.0034799619500826373, 0.0034498893329457025, 0.003488086401810802, 0.0035414715586523093, 0.0035188865471068574, 0.003470203158515837, 0.003439052173346737, 0.0035107970597564745, 0.003489498381958841, 0.0034903940350855846, 0.003497624631256138, 0.0035964051623801284, 0.003488541891356402, 0.003501093997321949, 0.0035929377961858456, 0.003540511670286479, 0.003492253805156584, 0.0035136939488828642, 0.0035032540376212706, 0.0035205390318989193, 0.0035159434076991384, 0.0035531076041511, 0.003456065519250773, 0.0034926611478331023, 0.003439838014367982, 0.003508338258599583, 0.0035416961304073923, 0.0034843575134688976, 0.0034902681178885973, 0.003499320965303283, 0.003471815957700593, 0.0035736803766683043, 0.0035425696910118083, 0.003532616465751223, 0.003508602424886049]
 ci_ground energy:-77.12311361655944