-8.006430815094400799e+00 1.617502669197133647e-01 6.817352678301592805e-02 6.817352678301590030e-02 -1.717506286497139101e-07 -1.717506286635916979e-07 -5.328306848517705419e-08 -5.328306848517705419e-08
1.617502669197133647e-01 -7.899451071312906691e+00 -6.042745786375253170e-02 -6.042745786375253170e-02 7.237736115563261907e-02 7.237736115563264683e-02 -7.473665191288170195e-02 -7.473665191288171583e-02
6.817352678301592805e-02 -6.042745786375253170e-02 -7.797756873543296052e+00 6.373293248461814331e-02 -7.473665191288171583e-02 7.755745117457898963e-03 1.619077106337902805e-01 -6.117155392169868616e-03
6.817352678301590030e-02 -6.042745786375253170e-02 6.373293248461814331e-02 -7.797756873543294276e+00 7.755745117457885085e-03 -7.473665191288171583e-02 -6.117155392169855606e-03 1.619077106337902805e-01
-1.717506286497139101e-07 7.237736115563261907e-02 -7.473665191288171583e-02 7.755745117457885085e-03 -7.979189180750009491e+00 1.617502669197133924e-01 -3.825008252098027750e-03 6.817352678301591418e-02
-1.717506286635916979e-07 7.237736115563264683e-02 7.755745117457898963e-03 -7.473665191288171583e-02 1.617502669197133924e-01 -7.979189180750009491e+00 6.817352678301591418e-02 -3.825008252098027750e-03
-5.328306848517705419e-08 -7.473665191288170195e-02 1.619077106337902805e-01 -6.117155392169855606e-03 -3.825008252098027750e-03 6.817352678301591418e-02 -7.899495906400613165e+00 5.561212753555392491e-02
-5.328306848517705419e-08 -7.473665191288171583e-02 -6.117155392169868616e-03 1.619077106337902805e-01 6.817352678301591418e-02 -3.825008252098027750e-03 5.561212753555392491e-02 -7.899495906400611389e+00
