counts:[1, 2, 3, 4, 5, 6, 7, 8, 9, 10, 11, 12, 13, 14, 15, 16, 17, 18, 19, 20, 21, 22, 23, 24, 25, 26, 27, 28, 29, 30, 31, 32, 33, 34, 35, 36, 37, 38, 39, 40, 41, 42, 43, 44, 45, 46, 47, 48, 49, 50, 51, 52, 53, 54, 55, 56, 57, 58, 59, 60, 61, 62, 63, 64, 65, 66, 67, 68, 69, 70, 71, 72, 73, 74, 75, 76, 77, 78, 79, 80, 81, 82, 83, 84, 85, 86, 87, 88, 89, 90, 91, 92, 93, 94, 95, 96, 97, 98, 99, 100]
 energies:[-7.679468985359147, -7.544267045479652, -7.667220191057243, -7.539955621012568, -7.644562094309988, -7.504704319376494, -7.544267045479652, -7.539955621012568, -7.544267045479652, -7.667220191057243, -7.755596832901304, -7.629814649098327, -7.760599071234823, -7.687061261365754, -7.721242650258343, -7.774847771258443, -7.7555890035302895, -7.762574613942903, -7.762776929206627, -7.773555393615922, -7.748999258461135, -7.759847238053254, -7.772571165237993, -7.771024120426917, -7.771372885191793, -7.775422854307148, -7.776493740967883, -7.774821060326394, -7.777126403462223, -7.777447063766106, -7.776534875250288, -7.778398817709784, -7.777973552588698, -7.778346353556007, -7.776751155456898, -7.776942240762045, -7.780135052767546, -7.778717629965673, -7.780882364932312, -7.781717161688226, -7.78243667819541, -7.780239917766071, -7.7828534959621685, -7.778929401092062, -7.780739618328333, -7.78446598218439, -7.784632485844234, -7.783981806944389, -7.785086850274567, -7.78349685854478, -7.7828480796000985, -7.785508424254488, -7.787835288486413, -7.786340294180267, -7.788080163154426, -7.78750099903618, -7.7873112771583415, -7.787466669600292, -7.788326888935385, -7.7880928355008265, -7.788572164304048, -7.7884246767885585, -7.787123878671618, -7.788817336297047, -7.789320858921663, -7.789483795100406, -7.789227094215223, -7.7892169179181145, -7.789239719722431, -7.78965381038374, -7.789455638656378, -7.789518226185553, -7.789247282084377, -7.789375923468768, -7.78980332792133, -7.788678795050794, -7.789946631453184, -7.789947216741529, -7.789746508596036, -7.789823179122179, -7.7898185607658235, -7.790098026380793, -7.790092180184768, -7.788249330551832, -7.790059136236371, -7.789796063495357, -7.790076751005492, -7.790177133024811, -7.7897976851715, -7.790153911278532, -7.790281429232673, -7.790252292239142, -7.790111853688924, -7.790342187065825, -7.790332533725911, -7.7903294504294855, -7.790223089876973, -7.790307635198156, -7.790292397112644, -7.790361927841587]
 std_values:[0.0, 0.0, 0.0, 0.0, 0.0, 0.0, 0.0, 0.0, 0.0, 0.0, 0.0, 0.0, 0.0, 0.0, 0.0, 0.0, 0.0, 0.0, 0.0, 0.0, 0.0, 0.0, 0.0, 0.0, 0.0, 0.0, 0.0, 0.0, 0.0, 0.0, 0.0, 0.0, 0.0, 0.0, 0.0, 0.0, 0.0, 0.0, 0.0, 0.0, 0.0, 0.0, 0.0, 0.0, 0.0, 0.0, 0.0, 0.0, 0.0, 0.0, 0.0, 0.0, 0.0, 0.0, 0.0, 0.0, 0.0, 0.0, 0.0, 0.0, 0.0, 0.0, 0.0, 0.0, 0.0, 0.0, 0.0, 0.0, 0.0, 0.0, 0.0, 0.0, 0.0, 0.0, 0.0, 0.0, 0.0, 0.0, 0.0, 0.0, 0.0, 0.0, 0.0, 0.0, 0.0, 0.0, 0.0, 0.0, 0.0, 0.0, 0.0, 0.0, 0.0, 0.0, 0.0, 0.0, 0.0, 0.0, 0.0, 0.0]
 ci_ground energy:-7.790461495546369