counts=[1, 2, 3, 4, 5, 6, 7, 8, 9, 10, 11, 12, 13, 14, 15, 16, 17, 18, 19, 20, 21, 22, 23, 24, 25, 26, 27, 28, 29, 30, 31, 32, 33, 34, 35, 36, 37, 38, 39, 40, 41, 42, 43, 44, 45, 46, 47, 48, 49, 50, 51, 52, 53, 54, 55, 56, 57, 58, 59, 60, 61, 62]
energies=[-74.96244075059258, -74.55908637664389, -74.55908637664389, -74.41013543699783, -74.55908637664389, -74.62031469550497, -74.9167718693924, -74.93753623667133, -74.95995433391235, -74.93795124986457, -74.91282348885292, -74.97829861429057, -74.97997267584543, -74.9819894469684, -74.96885677256088, -74.97913248809223, -74.97550841011908, -74.98128127023361, -74.98143196295568, -74.98110485084315, -74.98194152813213, -74.98193512122077, -74.98170470395348, -74.98229902248795, -74.98234103098066, -74.98222169904653, -74.98234456949812, -74.98241379972652, -74.98241420988394, -74.98237823885877, -74.98242917992194, -74.98241595826421, -74.98243892970447, -74.98241861340988, -74.98240125064778, -74.98243914896284, -74.98245481233769, -74.9824635865309, -74.98245728939953, -74.98245804028832, -74.98246190711298, -74.98246214637577, -74.98246340243504, -74.98246389709034, -74.98246342424555, -74.982463664503, -74.98246389809403, -74.98246417439239, -74.9824643552152, -74.98246429655003, -74.9824643693862, -74.98246436992544, -74.98246434855265, -74.98246436428786, -74.98246436964023, -74.98246436311894, -74.98246434916334, -74.98246437218778, -74.98246437705262, -74.9824643671171, -74.98246437110434, -74.98246437787499]
std_values=[0.0, 0.0, 0.0, 0.0, 0.0, 0.0, 0.0, 0.0, 0.0, 0.0, 0.0, 0.0, 0.0, 0.0, 0.0, 0.0, 0.0, 0.0, 0.0, 0.0, 0.0, 0.0, 0.0, 0.0, 0.0, 0.0, 0.0, 0.0, 0.0, 0.0, 0.0, 0.0, 0.0, 0.0, 0.0, 0.0, 0.0, 0.0, 0.0, 0.0, 0.0, 0.0, 0.0, 0.0, 0.0, 0.0, 0.0, 0.0, 0.0, 0.0, 0.0, 0.0, 0.0, 0.0, 0.0, 0.0, 0.0, 0.0, 0.0, 0.0, 0.0, 0.0]
ci_ground_energy=-74.98246438333959