counts:[1, 2, 3, 4, 5, 6, 7, 8, 9, 10, 11, 12, 13, 14, 15, 16, 17, 18, 19, 20, 21, 22, 23]
 energies:[-7.861587265563241, -7.519764619915012, -7.7173213233442475, -7.851849827592096, -7.817836046275234, -7.875064112106875, -7.876425542862153, -7.8640380178644165, -7.875147472613991, -7.874005578070809, -7.867621636596276, -7.873815672209586, -7.876051081178499, -7.871190193096089, -7.871134554280042, -7.876754718751622, -7.8776442386300545, -7.874346817240278, -7.877925424694917, -7.877049132422339, -7.874429141331264, -7.879882836415259, -7.8739164808487345]
 std_values:[0.0009028668318997376, 0.003246685066749741, 0.0033024529452542186, 0.002055490873885911, 0.0012429285728071525, 0.0009689800601251577, 0.0012758136608182944, 0.0017463652886070232, 0.0014642077182214516, 0.0012635649447043026, 0.0015016275912922766, 0.001349596861917933, 0.001349120276508698, 0.0013589925349284035, 0.0013773450406643014, 0.0013107045451685182, 0.001260182668249335, 0.0013201017878385498, 0.001307905753343858, 0.0012745133120571851, 0.0013378547468208758, 0.0012325395098245716, 0.0013489621108356744]
 ci_ground energy:-7.876899141132457