counts:[1, 2, 3, 4, 5, 6, 7, 8, 9, 10, 11, 12, 13, 14, 15, 16, 17, 18, 19, 20, 21, 22, 23, 24, 25, 26, 27, 28, 29, 30, 31, 32, 33, 34, 35, 36, 37, 38, 39, 40, 41, 42, 43, 44, 45, 46, 47, 48, 49, 50, 51, 52, 53, 54, 55, 56, 57, 58, 59, 60, 61, 62, 63, 64, 65, 66, 67, 68, 69, 70, 71, 72, 73, 74, 75, 76, 77, 78, 79, 80, 81, 82, 83, 84, 85, 86, 87, 88, 89, 90, 91, 92, 93, 94, 95, 96, 97, 98, 99, 100]
 energies:[-7.79580448368359, -7.647550551093769, -7.7712642745929426, -7.540303333602056, -7.638161733024539, -7.7712642745929426, -7.6475505510937705, -7.540303333602056, -7.647550551093769, -7.64685163677847, -7.72669556298184, -7.82702532676673, -7.813918889934262, -7.816429239231891, -7.815104825107063, -7.815224450716913, -7.808165425444292, -7.829351058300139, -7.7621819665196785, -7.8294620543344635, -7.785764037800497, -7.82850618799395, -7.803380011455806, -7.824298748461409, -7.830281062277841, -7.824510551299648, -7.816205691300697, -7.82608123619101, -7.828208763924563, -7.830662790184071, -7.8307245327442825, -7.827681545666978, -7.828769164076816, -7.831607087820638, -7.830870954618359, -7.8305985631123285, -7.832717652296992, -7.830475094520418, -7.8325375547600835, -7.83277547774388, -7.83223933189576, -7.832883020680585, -7.83264096626764, -7.8325642436952965, -7.833177052616339, -7.833241392273626, -7.832359683049363, -7.833231749617422, -7.833637526244143, -7.8338936398212216, -7.834319766216042, -7.834733099060877, -7.834809128806912, -7.83483313629441, -7.834904724057621, -7.834757034451194, -7.835380230644825, -7.835457704906068, -7.8355868019185735, -7.835511630316946, -7.835612010484736, -7.835725098164483, -7.835702012493426, -7.835784660036895, -7.836036368092884, -7.835845229621562, -7.836080824286466, -7.83605958448689, -7.836263131619566, -7.8363467268535505, -7.836474147069355, -7.836528926650907, -7.836628279582705, -7.83669318514807, -7.836735929665787, -7.83671897846153, -7.836703006212167, -7.836731502773516, -7.836826067748776, -7.836842412072498, -7.836843814415046, -7.836790562035413, -7.8368461492771715, -7.836872411890665, -7.8368430307012265, -7.83690641967161, -7.836958366592334, -7.836909494345466, -7.836886438775155, -7.837049138334287, -7.837102955260978, -7.837128901637874, -7.837112682741875, -7.837110329164597, -7.837124953262521, -7.83709427704634, -7.837137054506357, -7.837134689550558, -7.837166077372476, -7.837178243836648]
 std_values:[0.0, 0.0, 0.0, 0.0, 0.0, 0.0, 0.0, 0.0, 0.0, 0.0, 0.0, 0.0, 0.0, 0.0, 0.0, 0.0, 0.0, 0.0, 0.0, 0.0, 0.0, 0.0, 0.0, 0.0, 0.0, 0.0, 0.0, 0.0, 0.0, 0.0, 0.0, 0.0, 0.0, 0.0, 0.0, 0.0, 0.0, 0.0, 0.0, 0.0, 0.0, 0.0, 0.0, 0.0, 0.0, 0.0, 0.0, 0.0, 0.0, 0.0, 0.0, 0.0, 0.0, 0.0, 0.0, 0.0, 0.0, 0.0, 0.0, 0.0, 0.0, 0.0, 0.0, 0.0, 0.0, 0.0, 0.0, 0.0, 0.0, 0.0, 0.0, 0.0, 0.0, 0.0, 0.0, 0.0, 0.0, 0.0, 0.0, 0.0, 0.0, 0.0, 0.0, 0.0, 0.0, 0.0, 0.0, 0.0, 0.0, 0.0, 0.0, 0.0, 0.0, 0.0, 0.0, 0.0, 0.0, 0.0, 0.0, 0.0]
 ci_ground energy:-7.837371040992636