counts=[1, 2, 3, 4, 5, 6, 7, 8, 9, 10, 11, 12, 13, 14, 15, 16, 17, 18, 19, 20, 21, 22, 23, 24, 25, 26, 27, 28, 29, 30, 31, 32, 33, 34, 35, 36, 37, 38, 39, 40, 41, 42, 43, 44, 45, 46, 47, 48, 49, 50, 51, 52, 53, 54, 55, 56]
energies=[-55.455419387479154, -54.78199147313026, -54.95196081036623, -54.952177435554376, -54.95196081036623, -55.086970007466704, -55.4103792194895, -55.424917796974796, -55.449190079739225, -55.43612907982329, -55.38749360231327, -55.47399840028635, -55.46660798650838, -55.47696094454908, -55.470033057029056, -55.47822733767279, -55.47631756391323, -55.47668025652743, -55.47999070637026, -55.47894588469987, -55.47927452040115, -55.47930405322609, -55.47872368217547, -55.480093795522606, -55.4801597690431, -55.48027291853333, -55.480172331790484, -55.480074859715344, -55.48024568432979, -55.48025833990103, -55.48026433321374, -55.48028170053391, -55.480276618941076, -55.48028297042434, -55.480283769983444, -55.48028411745045, -55.480284445779574, -55.4802819201455, -55.48028440928931, -55.48028397434928, -55.480284712967915, -55.48028432176686, -55.480284704120606, -55.480284516673834, -55.48028487634656, -55.48028483517224, -55.480284846438266, -55.48028486336841, -55.4802847846841, -55.48028487469172, -55.48028489670516, -55.48028490993366, -55.48028491071089, -55.48028491822339, -55.48028491277519, -55.4802849206998]
std_values=[0.0, 0.0, 0.0, 0.0, 0.0, 0.0, 0.0, 0.0, 0.0, 0.0, 0.0, 0.0, 0.0, 0.0, 0.0, 0.0, 0.0, 0.0, 0.0, 0.0, 0.0, 0.0, 0.0, 0.0, 0.0, 0.0, 0.0, 0.0, 0.0, 0.0, 0.0, 0.0, 0.0, 0.0, 0.0, 0.0, 0.0, 0.0, 0.0, 0.0, 0.0, 0.0, 0.0, 0.0, 0.0, 0.0, 0.0, 0.0, 0.0, 0.0, 0.0, 0.0, 0.0, 0.0, 0.0, 0.0]
ci_ground_energy=-55.48028492230587