counts:[1, 2, 3, 4, 5, 6, 7, 8, 9, 10, 11, 12, 13, 14, 15, 16, 17, 18, 19, 20, 21, 22, 23, 24, 25, 26, 27, 28, 29, 30, 31, 32, 33, 34, 35, 36, 37, 38, 39, 40, 41, 42, 43, 44, 45, 46, 47, 48, 49, 50, 51, 52, 53, 54, 55, 56, 57, 58, 59, 60, 61, 62, 63, 64, 65, 66, 67, 68, 69, 70, 71, 72, 73, 74, 75, 76, 77, 78, 79, 80, 81, 82, 83, 84, 85, 86, 87, 88, 89, 90, 91, 92, 93, 94, 95, 96, 97, 98, 99, 100]
 energies:[-7.746079707204768, -7.607342270329083, -7.727231260036358, -7.607342270329083, -7.694242326948579, -7.727231260036358, -7.526359476816971, -7.607342270329083, -7.607342270329083, -7.60582953246371, -7.762771357416041, -7.678079802135153, -7.726801887855872, -7.733977303389892, -7.7545598139421745, -7.7822423325685754, -7.781950798469175, -7.752669279487289, -7.769733517397121, -7.772168938387953, -7.775353388367549, -7.785558088129129, -7.7549557780419605, -7.776329617912145, -7.774642048940709, -7.780211372043063, -7.776526756472602, -7.779527706525023, -7.793494255892686, -7.79370724425663, -7.794378386654852, -7.794238892735551, -7.79915005785791, -7.803607862705853, -7.79406029399461, -7.794018192716406, -7.801695179755994, -7.801472003054542, -7.804900722984225, -7.804454509767986, -7.805604557402859, -7.80345105037245, -7.805460248469323, -7.804624753157981, -7.804374749618564, -7.8058770589515625, -7.804699780924203, -7.806417074875213, -7.806397648258523, -7.806181371269332, -7.806453485839398, -7.806493071162285, -7.807052532118535, -7.80780755454993, -7.807857431290898, -7.807439989947847, -7.807672070153213, -7.807722154462125, -7.807352684150809, -7.808006580787103, -7.808464852000302, -7.808397835508785, -7.808769324980409, -7.808485565707455, -7.808698229265797, -7.809140264637703, -7.809260957685934, -7.809176820006494, -7.809239690001325, -7.809176956776508, -7.809239752145357, -7.80907448318618, -7.808905395511836, -7.8096448584214215, -7.809665301030073, -7.809586325939414, -7.809717687528732, -7.809670586577145, -7.809816977548863, -7.8098049781841254, -7.809796479976413, -7.809975926301975, -7.809999095123445, -7.809980241178183, -7.810140643449497, -7.810215785916137, -7.810117015504206, -7.8102226398064705, -7.810332343527891, -7.810356432774951, -7.810328919795722, -7.810382768190394, -7.810388069720682, -7.810463580069081, -7.8105286769310105, -7.8106165057420025, -7.81061385332754, -7.810611618971574, -7.8106556500168995, -7.810720227714283]
 std_values:[0.0, 0.0, 0.0, 0.0, 0.0, 0.0, 0.0, 0.0, 0.0, 0.0, 0.0, 0.0, 0.0, 0.0, 0.0, 0.0, 0.0, 0.0, 0.0, 0.0, 0.0, 0.0, 0.0, 0.0, 0.0, 0.0, 0.0, 0.0, 0.0, 0.0, 0.0, 0.0, 0.0, 0.0, 0.0, 0.0, 0.0, 0.0, 0.0, 0.0, 0.0, 0.0, 0.0, 0.0, 0.0, 0.0, 0.0, 0.0, 0.0, 0.0, 0.0, 0.0, 0.0, 0.0, 0.0, 0.0, 0.0, 0.0, 0.0, 0.0, 0.0, 0.0, 0.0, 0.0, 0.0, 0.0, 0.0, 0.0, 0.0, 0.0, 0.0, 0.0, 0.0, 0.0, 0.0, 0.0, 0.0, 0.0, 0.0, 0.0, 0.0, 0.0, 0.0, 0.0, 0.0, 0.0, 0.0, 0.0, 0.0, 0.0, 0.0, 0.0, 0.0, 0.0, 0.0, 0.0, 0.0, 0.0, 0.0, 0.0]
 ci_ground energy:-7.811058244776552