-1.811649188461011661e+01 9.095532497003544492e-02 8.651755074689086722e-02 -8.217351270377852568e-02 -8.217351270377847017e-02 -6.395323506762168320e-02 -6.395323506762169707e-02 8.989036694997913635e-02 4.689513339539150977e-02 4.689513339539150977e-02 5.783409735504074778e-02 0.000000000000000000e+00 5.502820421554588393e-13 5.502820421554588393e-13 1.822027763615684248e-02 1.822027763615684248e-02
9.095532497003544492e-02 -1.735301156639330600e+01 1.547282411197158092e-01 1.374828346742820451e-01 1.374828346742819896e-01 7.352959960666036188e-02 7.352959960666036188e-02 1.340852007098163046e-01 0.000000000000000000e+00 0.000000000000000000e+00 0.000000000000000000e+00 5.783409735504074778e-02 -9.210301191234285256e-02 -9.210301191234285256e-02 -6.395323506762168320e-02 -6.395323506762171095e-02
8.651755074689086722e-02 1.547282411197158092e-01 -1.725884243179449840e+01 5.530932197050356103e-02 5.530932197050356103e-02 1.374828346742820173e-01 1.374828346742819618e-01 0.000000000000000000e+00 4.792746715784164391e-02 4.792746715784164391e-02 1.340852007098163046e-01 8.989036694997913635e-02 1.560273813662738096e-02 1.560273813662743647e-02 8.217351270377845629e-02 8.217351270377847017e-02
-8.217351270377852568e-02 1.374828346742820451e-01 5.530932197050356103e-02 -1.704595683244127002e+01 0.000000000000000000e+00 1.547282411197158369e-01 1.340852007098163046e-01 5.530932197050356103e-02 0.000000000000000000e+00 0.000000000000000000e+00 1.374828346742819896e-01 -8.217351270377847017e-02 0.000000000000000000e+00 -2.296021150499710783e-02 -8.651755074689081171e-02 -8.989036694997915022e-02
-8.217351270377847017e-02 1.374828346742819896e-01 5.530932197050356103e-02 0.000000000000000000e+00 -1.704595683244127002e+01 1.340852007098163878e-01 1.547282411197158092e-01 5.530932197050356103e-02 0.000000000000000000e+00 0.000000000000000000e+00 1.374828346742820451e-01 -8.217351270377852568e-02 -2.296021150499710783e-02 0.000000000000000000e+00 -8.989036694997913635e-02 -8.651755074689086722e-02
-6.395323506762168320e-02 7.352959960666036188e-02 1.374828346742820173e-01 1.547282411197158369e-01 1.340852007098163878e-01 -1.707357532781306375e+01 0.000000000000000000e+00 1.374828346742819618e-01 0.000000000000000000e+00 0.000000000000000000e+00 7.352959960666036188e-02 -6.395323506762169707e-02 -9.056632993490648653e-02 3.683096617443600007e-02 9.095532497003543104e-02 5.783409735504074778e-02
-6.395323506762169707e-02 7.352959960666036188e-02 1.374828346742819618e-01 1.340852007098163046e-01 1.547282411197158092e-01 0.000000000000000000e+00 -1.707357532781306020e+01 1.374828346742820173e-01 0.000000000000000000e+00 0.000000000000000000e+00 7.352959960666036188e-02 -6.395323506762168320e-02 3.683096617443604170e-02 -9.056632993490651429e-02 5.783409735504073390e-02 9.095532497003541716e-02
8.989036694997913635e-02 1.340852007098163046e-01 0.000000000000000000e+00 5.530932197050356103e-02 5.530932197050356103e-02 1.374828346742819618e-01 1.374828346742820173e-01 -1.679871186147210693e+01 0.000000000000000000e+00 0.000000000000000000e+00 1.547282411197158092e-01 8.651755074689086722e-02 0.000000000000000000e+00 0.000000000000000000e+00 8.217351270377847017e-02 8.217351270377851180e-02
4.689513339539150977e-02 0.000000000000000000e+00 4.792746715784164391e-02 0.000000000000000000e+00 0.000000000000000000e+00 0.000000000000000000e+00 0.000000000000000000e+00 0.000000000000000000e+00 -1.737693436040825645e+01 2.424937922117121475e-02 1.707580422189188332e-02 0.000000000000000000e+00 -4.606744015460220720e-02 -4.606744015460220720e-02 0.000000000000000000e+00 0.000000000000000000e+00
4.689513339539150977e-02 0.000000000000000000e+00 4.792746715784164391e-02 0.000000000000000000e+00 0.000000000000000000e+00 0.000000000000000000e+00 0.000000000000000000e+00 0.000000000000000000e+00 2.424937922117121475e-02 -1.737693436040825645e+01 1.707580422189188332e-02 0.000000000000000000e+00 -4.606744015460220720e-02 -4.606744015460220720e-02 0.000000000000000000e+00 0.000000000000000000e+00
5.783409735504074778e-02 0.000000000000000000e+00 1.340852007098163046e-01 1.374828346742819896e-01 1.374828346742820451e-01 7.352959960666036188e-02 7.352959960666036188e-02 1.547282411197158092e-01 1.707580422189188332e-02 1.707580422189188332e-02 -1.674881541882012215e+01 9.095532497003544492e-02 4.322597728636497216e-02 4.322597728636500686e-02 -6.395323506762169707e-02 -6.395323506762166932e-02
0.000000000000000000e+00 5.783409735504074778e-02 8.989036694997913635e-02 -8.217351270377847017e-02 -8.217351270377852568e-02 -6.395323506762169707e-02 -6.395323506762168320e-02 8.651755074689086722e-02 0.000000000000000000e+00 0.000000000000000000e+00 9.095532497003544492e-02 -1.619816149798342053e+01 0.000000000000000000e+00 0.000000000000000000e+00 1.822027763615677309e-02 1.822027763615677309e-02
5.502820421554588393e-13 -9.210301191234285256e-02 1.560273813662738096e-02 0.000000000000000000e+00 -2.296021150499710783e-02 -9.056632993490648653e-02 3.683096617443604170e-02 0.000000000000000000e+00 -4.606744015460220720e-02 -4.606744015460220720e-02 4.322597728636497216e-02 0.000000000000000000e+00 -1.769484957839478767e+01 8.651755074689086722e-02 -3.077515225547367006e-02 0.000000000000000000e+00
5.502820421554588393e-13 -9.210301191234285256e-02 1.560273813662743647e-02 -2.296021150499710783e-02 0.000000000000000000e+00 3.683096617443600007e-02 -9.056632993490651429e-02 0.000000000000000000e+00 -4.606744015460220720e-02 -4.606744015460220720e-02 4.322597728636500686e-02 0.000000000000000000e+00 8.651755074689086722e-02 -1.769484957839479122e+01 0.000000000000000000e+00 -3.077515225547372557e-02
1.822027763615684248e-02 -6.395323506762168320e-02 8.217351270377845629e-02 -8.651755074689081171e-02 -8.989036694997913635e-02 9.095532497003543104e-02 5.783409735504073390e-02 8.217351270377847017e-02 0.000000000000000000e+00 0.000000000000000000e+00 -6.395323506762169707e-02 1.822027763615677309e-02 -3.077515225547367006e-02 0.000000000000000000e+00 -1.718598085194572178e+01 0.000000000000000000e+00
1.822027763615684248e-02 -6.395323506762171095e-02 8.217351270377847017e-02 -8.989036694997915022e-02 -8.651755074689086722e-02 5.783409735504074778e-02 9.095532497003541716e-02 8.217351270377851180e-02 0.000000000000000000e+00 0.000000000000000000e+00 -6.395323506762166932e-02 1.822027763615677309e-02 0.000000000000000000e+00 -3.077515225547372557e-02 0.000000000000000000e+00 -1.718598085194572889e+01
