-6.739412395171603976e+01 1.340976769572106153e-01 1.340976563781013375e-01 9.383696247653999789e-02 7.677727394033750929e-02 7.677727394033737052e-02 -7.677727640504401763e-02 -7.677727640504401763e-02 -6.664419573329226354e-02 -6.664419573329227742e-02 5.464491760012714361e-02 5.464487438242372763e-02 4.808155689652388737e-02 4.808155689652366532e-02 4.106848050158766472e-02 4.106847854811508658e-02
1.340976769572106153e-01 -6.562794019601879825e+01 0.000000000000000000e+00 0.000000000000000000e+00 -2.088441455823354664e-02 -2.088441455823354664e-02 0.000000000000000000e+00 0.000000000000000000e+00 -3.050261117225954582e-02 -3.050261117225954582e-02 0.000000000000000000e+00 1.011117358336496713e-01 0.000000000000000000e+00 0.000000000000000000e+00 0.000000000000000000e+00 2.972764055356904092e-02
1.340976563781013375e-01 0.000000000000000000e+00 -6.562794018066927038e+01 0.000000000000000000e+00 0.000000000000000000e+00 0.000000000000000000e+00 2.088443302598780305e-02 2.088443302598780305e-02 -3.050261117225953889e-02 -3.050261117225953889e-02 1.011118001201707362e-01 0.000000000000000000e+00 0.000000000000000000e+00 0.000000000000000000e+00 2.972764067888597483e-02 0.000000000000000000e+00
9.383696247653999789e-02 0.000000000000000000e+00 0.000000000000000000e+00 -6.477605298398742661e+01 -2.088441455823335235e-02 -2.088441455823335235e-02 2.088443302598791407e-02 2.088443302598791407e-02 0.000000000000000000e+00 0.000000000000000000e+00 1.250105285695468360e-01 1.250105347006977841e-01 -3.752997530142943017e-02 -3.752997530142943017e-02 0.000000000000000000e+00 0.000000000000000000e+00
7.677727394033750929e-02 -2.088441455823354664e-02 0.000000000000000000e+00 -2.088441455823335235e-02 -6.523704683270958071e+01 0.000000000000000000e+00 -3.050261117225954582e-02 0.000000000000000000e+00 2.088443302598791407e-02 0.000000000000000000e+00 0.000000000000000000e+00 -9.766168849857088941e-02 0.000000000000000000e+00 1.229192949342928880e-02 0.000000000000000000e+00 0.000000000000000000e+00
7.677727394033737052e-02 -2.088441455823354664e-02 0.000000000000000000e+00 -2.088441455823335235e-02 0.000000000000000000e+00 -6.523704683270955229e+01 0.000000000000000000e+00 -3.050261117225954582e-02 0.000000000000000000e+00 2.088443302598791407e-02 0.000000000000000000e+00 -9.766168849857093104e-02 1.229192949342928880e-02 0.000000000000000000e+00 0.000000000000000000e+00 0.000000000000000000e+00
-7.677727640504401763e-02 0.000000000000000000e+00 2.088443302598780305e-02 2.088443302598791407e-02 -3.050261117225954582e-02 0.000000000000000000e+00 -6.523704684476589932e+01 0.000000000000000000e+00 0.000000000000000000e+00 -2.088441455823335235e-02 9.766170943103180679e-02 0.000000000000000000e+00 0.000000000000000000e+00 -1.229193235147956441e-02 0.000000000000000000e+00 0.000000000000000000e+00
-7.677727640504401763e-02 0.000000000000000000e+00 2.088443302598780305e-02 2.088443302598791407e-02 0.000000000000000000e+00 -3.050261117225954582e-02 0.000000000000000000e+00 -6.523704684476589932e+01 -2.088441455823335235e-02 0.000000000000000000e+00 9.766170943103184843e-02 0.000000000000000000e+00 -1.229193235147956441e-02 0.000000000000000000e+00 0.000000000000000000e+00 0.000000000000000000e+00
-6.664419573329226354e-02 -3.050261117225954582e-02 -3.050261117225953889e-02 0.000000000000000000e+00 2.088443302598791407e-02 0.000000000000000000e+00 0.000000000000000000e+00 -2.088441455823335235e-02 -6.565207610903254931e+01 0.000000000000000000e+00 0.000000000000000000e+00 0.000000000000000000e+00 0.000000000000000000e+00 0.000000000000000000e+00 0.000000000000000000e+00 0.000000000000000000e+00
-6.664419573329227742e-02 -3.050261117225954582e-02 -3.050261117225953889e-02 0.000000000000000000e+00 0.000000000000000000e+00 2.088443302598791407e-02 -2.088441455823335235e-02 0.000000000000000000e+00 0.000000000000000000e+00 -6.565207610903254931e+01 0.000000000000000000e+00 0.000000000000000000e+00 0.000000000000000000e+00 0.000000000000000000e+00 0.000000000000000000e+00 0.000000000000000000e+00
5.464491760012714361e-02 0.000000000000000000e+00 1.011118001201707362e-01 1.250105285695468360e-01 0.000000000000000000e+00 0.000000000000000000e+00 9.766170943103180679e-02 9.766170943103184843e-02 0.000000000000000000e+00 0.000000000000000000e+00 -6.577257991319282837e+01 4.382673847527546879e-02 9.460646380048086390e-04 9.460646380047943275e-04 0.000000000000000000e+00 0.000000000000000000e+00
5.464487438242372763e-02 1.011117358336496713e-01 0.000000000000000000e+00 1.250105347006977841e-01 -9.766168849857088941e-02 -9.766168849857093104e-02 0.000000000000000000e+00 0.000000000000000000e+00 0.000000000000000000e+00 0.000000000000000000e+00 4.382673847527546879e-02 -6.577257972289520183e+01 9.460619906295068045e-04 9.460619906294865300e-04 0.000000000000000000e+00 0.000000000000000000e+00
4.808155689652388737e-02 0.000000000000000000e+00 0.000000000000000000e+00 -3.752997530142943017e-02 0.000000000000000000e+00 1.229192949342928880e-02 0.000000000000000000e+00 -1.229193235147956441e-02 0.000000000000000000e+00 0.000000000000000000e+00 9.460646380048086390e-04 9.460619906295068045e-04 -6.548936436238618342e+01 9.836061360861611536e-02 0.000000000000000000e+00 0.000000000000000000e+00
4.808155689652366532e-02 0.000000000000000000e+00 0.000000000000000000e+00 -3.752997530142943017e-02 1.229192949342928880e-02 0.000000000000000000e+00 -1.229193235147956441e-02 0.000000000000000000e+00 0.000000000000000000e+00 0.000000000000000000e+00 9.460646380047943275e-04 9.460619906294865300e-04 9.836061360861611536e-02 -6.548936436238619763e+01 0.000000000000000000e+00 0.000000000000000000e+00
4.106848050158766472e-02 0.000000000000000000e+00 2.972764067888597483e-02 0.000000000000000000e+00 0.000000000000000000e+00 0.000000000000000000e+00 0.000000000000000000e+00 0.000000000000000000e+00 0.000000000000000000e+00 0.000000000000000000e+00 0.000000000000000000e+00 0.000000000000000000e+00 0.000000000000000000e+00 0.000000000000000000e+00 -6.604422521497838261e+01 4.052440315661530457e-02
4.106847854811508658e-02 2.972764055356904092e-02 0.000000000000000000e+00 0.000000000000000000e+00 0.000000000000000000e+00 0.000000000000000000e+00 0.000000000000000000e+00 0.000000000000000000e+00 0.000000000000000000e+00 0.000000000000000000e+00 0.000000000000000000e+00 0.000000000000000000e+00 0.000000000000000000e+00 0.000000000000000000e+00 4.052440315661530457e-02 -6.604422511502909288e+01
