-6.739412395171603976e+01 1.340976769572106153e-01 1.340976563781013375e-01 9.383696247653999789e-02 7.677727394033750929e-02 7.677727394033737052e-02 -7.677727640504401763e-02 -7.677727640504401763e-02
1.340976769572106153e-01 -6.562794019601879825e+01 0.000000000000000000e+00 0.000000000000000000e+00 -2.088441455823354664e-02 -2.088441455823354664e-02 0.000000000000000000e+00 0.000000000000000000e+00
1.340976563781013375e-01 0.000000000000000000e+00 -6.562794018066927038e+01 0.000000000000000000e+00 0.000000000000000000e+00 0.000000000000000000e+00 2.088443302598780305e-02 2.088443302598780305e-02
9.383696247653999789e-02 0.000000000000000000e+00 0.000000000000000000e+00 -6.477605298398742661e+01 -2.088441455823335235e-02 -2.088441455823335235e-02 2.088443302598791407e-02 2.088443302598791407e-02
7.677727394033750929e-02 -2.088441455823354664e-02 0.000000000000000000e+00 -2.088441455823335235e-02 -6.523704683270958071e+01 0.000000000000000000e+00 -3.050261117225954582e-02 0.000000000000000000e+00
7.677727394033737052e-02 -2.088441455823354664e-02 0.000000000000000000e+00 -2.088441455823335235e-02 0.000000000000000000e+00 -6.523704683270955229e+01 0.000000000000000000e+00 -3.050261117225954582e-02
-7.677727640504401763e-02 0.000000000000000000e+00 2.088443302598780305e-02 2.088443302598791407e-02 -3.050261117225954582e-02 0.000000000000000000e+00 -6.523704684476589932e+01 0.000000000000000000e+00
-7.677727640504401763e-02 0.000000000000000000e+00 2.088443302598780305e-02 2.088443302598791407e-02 0.000000000000000000e+00 -3.050261117225954582e-02 0.000000000000000000e+00 -6.523704684476589932e+01
