-6.739412395171603976e+01 1.340976769572106153e-01 1.340976563781013375e-01 9.383696247653999789e-02 7.677727394033750929e-02 7.677727394033737052e-02 -7.677727640504401763e-02 -7.677727640504401763e-02 -6.664419573329226354e-02 -6.664419573329227742e-02 5.464491760012714361e-02 5.464487438242372763e-02 4.808155689652388737e-02 4.808155689652366532e-02 4.106848050158766472e-02 4.106847854811508658e-02 -3.938544909290823959e-02 -3.938544909290823265e-02 3.938544765041976370e-02 3.938544765041971513e-02 -3.234005444513964739e-02 -3.234005444513964739e-02 3.532988168450892225e-02 2.656056657031618390e-02 2.656056657031625676e-02 2.656055329147505306e-02 2.656055329147501837e-02 -2.656053312148679707e-02 -2.656053312148677625e-02 2.656050407365279087e-02 2.656050407365282903e-02 5.239450490514272613e-02 5.239450454797864309e-02 3.511338639961791158e-02 3.511336795438565334e-02 -2.429536013679573989e-02 -2.429536013679570866e-02 2.429534532989427106e-02 2.429534532989428147e-02 -1.393737677905162661e-02 -1.393737677905161274e-02 1.393736120821365346e-02 1.393736120821369162e-02 -1.715293130978209207e-02 -1.715293130978209207e-02 1.715294559192107049e-02 1.715294559192108090e-02 1.715292396955822238e-02 1.715292396955829524e-02 1.715292830341134944e-02 1.715292830341133903e-02 -3.739182628991774560e-02 -3.739182628991774560e-02 3.739182731213577804e-02 3.739182731213577804e-02 -8.201700429921743307e-11 -8.201705981036866433e-11 3.430414128815261615e-02 3.430414128815261615e-02 0.000000000000000000e+00 -1.374186252898405673e-02 -1.374186252898407755e-02 -1.374186408840435449e-02 -1.374186408840435275e-02
1.340976769572106153e-01 -6.562794019601879825e+01 0.000000000000000000e+00 0.000000000000000000e+00 -2.088441455823354664e-02 -2.088441455823354664e-02 0.000000000000000000e+00 0.000000000000000000e+00 -3.050261117225954582e-02 -3.050261117225954582e-02 0.000000000000000000e+00 1.011117358336496713e-01 0.000000000000000000e+00 0.000000000000000000e+00 0.000000000000000000e+00 2.972764055356904092e-02 0.000000000000000000e+00 0.000000000000000000e+00 -9.766168849857097267e-02 -9.766168849857090328e-02 3.614158456103271772e-02 3.614158456103271772e-02 0.000000000000000000e+00 0.000000000000000000e+00 0.000000000000000000e+00 0.000000000000000000e+00 0.000000000000000000e+00 0.000000000000000000e+00 0.000000000000000000e+00 -2.591696215444277279e-02 -2.591696215444277626e-02 1.250105347006977841e-01 0.000000000000000000e+00 4.052440315661526293e-02 4.382673847527546879e-02 0.000000000000000000e+00 0.000000000000000000e+00 1.229192949342928880e-02 1.229192949342928880e-02 0.000000000000000000e+00 0.000000000000000000e+00 -1.200341583646495798e-02 -1.200341583646497533e-02 0.000000000000000000e+00 0.000000000000000000e+00 1.007642950155859807e-03 1.007642950155860674e-03 0.000000000000000000e+00 0.000000000000000000e+00 0.000000000000000000e+00 0.000000000000000000e+00 -7.677727394033735664e-02 -7.677727394033752317e-02 0.000000000000000000e+00 0.000000000000000000e+00 0.000000000000000000e+00 0.000000000000000000e+00 6.664419573329226354e-02 6.664419573329231905e-02 1.340976563781013375e-01 9.460619906295068045e-04 9.460619906294865300e-04 0.000000000000000000e+00 0.000000000000000000e+00
1.340976563781013375e-01 0.000000000000000000e+00 -6.562794018066927038e+01 0.000000000000000000e+00 0.000000000000000000e+00 0.000000000000000000e+00 2.088443302598780305e-02 2.088443302598780305e-02 -3.050261117225953889e-02 -3.050261117225953889e-02 1.011118001201707362e-01 0.000000000000000000e+00 0.000000000000000000e+00 0.000000000000000000e+00 2.972764067888597483e-02 0.000000000000000000e+00 9.766170943103186231e-02 9.766170943103186231e-02 0.000000000000000000e+00 0.000000000000000000e+00 3.614158456103271078e-02 3.614158456103271772e-02 0.000000000000000000e+00 -1.994505747529722040e-02 -1.994505747529722040e-02 -4.650562404561353613e-02 -4.650562404561350838e-02 -4.053361815117363653e-02 -4.053361815117344918e-02 0.000000000000000000e+00 0.000000000000000000e+00 0.000000000000000000e+00 1.250105285695468360e-01 4.382673847527546879e-02 4.052440315661530457e-02 -1.229193235147956441e-02 -1.229193235147956441e-02 0.000000000000000000e+00 0.000000000000000000e+00 1.200342778531609915e-02 1.200342778531607486e-02 0.000000000000000000e+00 0.000000000000000000e+00 -7.381629899299325774e-03 -7.381629899299317968e-03 0.000000000000000000e+00 0.000000000000000000e+00 5.389471302276292383e-03 5.389471302276292383e-03 -1.176345266728193346e-02 -1.176345266728192132e-02 0.000000000000000000e+00 0.000000000000000000e+00 7.677727640504405926e-02 7.677727640504400375e-02 0.000000000000000000e+00 0.000000000000000000e+00 6.664419573329224966e-02 6.664419573329224966e-02 1.340976769572106153e-01 0.000000000000000000e+00 0.000000000000000000e+00 9.460646380048086390e-04 9.460646380047943275e-04
9.383696247653999789e-02 0.000000000000000000e+00 0.000000000000000000e+00 -6.477605298398742661e+01 -2.088441455823335235e-02 -2.088441455823335235e-02 2.088443302598791407e-02 2.088443302598791407e-02 0.000000000000000000e+00 0.000000000000000000e+00 1.250105285695468360e-01 1.250105347006977841e-01 -3.752997530142943017e-02 -3.752997530142943017e-02 0.000000000000000000e+00 0.000000000000000000e+00 9.766170943103182067e-02 9.766170943103187618e-02 -9.766168849857090328e-02 -9.766168849857090328e-02 0.000000000000000000e+00 0.000000000000000000e+00 9.836061360861615699e-02 0.000000000000000000e+00 0.000000000000000000e+00 0.000000000000000000e+00 0.000000000000000000e+00 0.000000000000000000e+00 0.000000000000000000e+00 0.000000000000000000e+00 0.000000000000000000e+00 1.011117358336496713e-01 1.011118001201705974e-01 0.000000000000000000e+00 0.000000000000000000e+00 0.000000000000000000e+00 0.000000000000000000e+00 0.000000000000000000e+00 0.000000000000000000e+00 0.000000000000000000e+00 0.000000000000000000e+00 0.000000000000000000e+00 0.000000000000000000e+00 0.000000000000000000e+00 0.000000000000000000e+00 0.000000000000000000e+00 0.000000000000000000e+00 0.000000000000000000e+00 0.000000000000000000e+00 0.000000000000000000e+00 0.000000000000000000e+00 -7.677727394033755093e-02 -7.677727394033742603e-02 7.677727640504390660e-02 7.677727640504398987e-02 1.606016278020898705e-02 1.606016278020894195e-02 0.000000000000000000e+00 0.000000000000000000e+00 0.000000000000000000e+00 0.000000000000000000e+00 0.000000000000000000e+00 0.000000000000000000e+00 0.000000000000000000e+00
7.677727394033750929e-02 -2.088441455823354664e-02 0.000000000000000000e+00 -2.088441455823335235e-02 -6.523704683270958071e+01 0.000000000000000000e+00 -3.050261117225954582e-02 0.000000000000000000e+00 2.088443302598791407e-02 0.000000000000000000e+00 0.000000000000000000e+00 -9.766168849857088941e-02 0.000000000000000000e+00 1.229192949342928880e-02 0.000000000000000000e+00 0.000000000000000000e+00 0.000000000000000000e+00 0.000000000000000000e+00 1.250105347006977841e-01 1.011117358336495881e-01 0.000000000000000000e+00 0.000000000000000000e+00 0.000000000000000000e+00 0.000000000000000000e+00 0.000000000000000000e+00 -2.970546409212433681e-02 0.000000000000000000e+00 -4.698119741961693380e-02 0.000000000000000000e+00 1.727563676241365698e-02 0.000000000000000000e+00 -9.766168849857090328e-02 0.000000000000000000e+00 0.000000000000000000e+00 0.000000000000000000e+00 0.000000000000000000e+00 0.000000000000000000e+00 8.301176807157889526e-03 0.000000000000000000e+00 0.000000000000000000e+00 0.000000000000000000e+00 9.460619906294846868e-04 0.000000000000000000e+00 0.000000000000000000e+00 0.000000000000000000e+00 -6.961286222334234384e-10 0.000000000000000000e+00 0.000000000000000000e+00 0.000000000000000000e+00 0.000000000000000000e+00 0.000000000000000000e+00 -9.383696247654003952e-02 -1.340976769572106153e-01 0.000000000000000000e+00 6.664419573329231905e-02 0.000000000000000000e+00 -4.099065646472809660e-02 7.677727640504390660e-02 0.000000000000000000e+00 0.000000000000000000e+00 0.000000000000000000e+00 -1.200341583646499961e-02 0.000000000000000000e+00 0.000000000000000000e+00
7.677727394033737052e-02 -2.088441455823354664e-02 0.000000000000000000e+00 -2.088441455823335235e-02 0.000000000000000000e+00 -6.523704683270955229e+01 0.000000000000000000e+00 -3.050261117225954582e-02 0.000000000000000000e+00 2.088443302598791407e-02 0.000000000000000000e+00 -9.766168849857093104e-02 1.229192949342928880e-02 0.000000000000000000e+00 0.000000000000000000e+00 0.000000000000000000e+00 0.000000000000000000e+00 0.000000000000000000e+00 1.011117358336495048e-01 1.250105347006977841e-01 0.000000000000000000e+00 0.000000000000000000e+00 0.000000000000000000e+00 0.000000000000000000e+00 0.000000000000000000e+00 0.000000000000000000e+00 -2.970546409212427783e-02 0.000000000000000000e+00 -4.698119741961692686e-02 0.000000000000000000e+00 1.727563676241366045e-02 -9.766168849857084777e-02 0.000000000000000000e+00 0.000000000000000000e+00 0.000000000000000000e+00 0.000000000000000000e+00 0.000000000000000000e+00 0.000000000000000000e+00 8.301176807157861770e-03 0.000000000000000000e+00 0.000000000000000000e+00 0.000000000000000000e+00 9.460619906295058288e-04 0.000000000000000000e+00 0.000000000000000000e+00 0.000000000000000000e+00 -6.961286222334234384e-10 0.000000000000000000e+00 0.000000000000000000e+00 0.000000000000000000e+00 0.000000000000000000e+00 -1.340976769572106431e-01 -9.383696247653998401e-02 6.664419573329226354e-02 0.000000000000000000e+00 -4.099065646472808272e-02 0.000000000000000000e+00 0.000000000000000000e+00 7.677727640504398987e-02 0.000000000000000000e+00 -1.200341583646501349e-02 0.000000000000000000e+00 0.000000000000000000e+00 0.000000000000000000e+00
-7.677727640504401763e-02 0.000000000000000000e+00 2.088443302598780305e-02 2.088443302598791407e-02 -3.050261117225954582e-02 0.000000000000000000e+00 -6.523704684476589932e+01 0.000000000000000000e+00 0.000000000000000000e+00 -2.088441455823335235e-02 9.766170943103180679e-02 0.000000000000000000e+00 0.000000000000000000e+00 -1.229193235147956441e-02 0.000000000000000000e+00 0.000000000000000000e+00 1.250105285695467805e-01 1.011118001201705696e-01 0.000000000000000000e+00 0.000000000000000000e+00 0.000000000000000000e+00 0.000000000000000000e+00 0.000000000000000000e+00 -1.727566522702743065e-02 0.000000000000000000e+00 -4.698119741961692686e-02 0.000000000000000000e+00 -2.970546409212432293e-02 0.000000000000000000e+00 0.000000000000000000e+00 0.000000000000000000e+00 0.000000000000000000e+00 9.766170943103186231e-02 0.000000000000000000e+00 0.000000000000000000e+00 8.301179454213075681e-03 0.000000000000000000e+00 0.000000000000000000e+00 0.000000000000000000e+00 9.460646380048012664e-04 0.000000000000000000e+00 0.000000000000000000e+00 0.000000000000000000e+00 0.000000000000000000e+00 0.000000000000000000e+00 0.000000000000000000e+00 0.000000000000000000e+00 0.000000000000000000e+00 -6.961286222334234384e-10 0.000000000000000000e+00 0.000000000000000000e+00 0.000000000000000000e+00 6.664419573329224966e-02 -9.383696247654003952e-02 -1.340976563781013375e-01 0.000000000000000000e+00 4.099065685337300452e-02 -7.677727394033755093e-02 0.000000000000000000e+00 0.000000000000000000e+00 0.000000000000000000e+00 0.000000000000000000e+00 0.000000000000000000e+00 1.200342778531608701e-02
-7.677727640504401763e-02 0.000000000000000000e+00 2.088443302598780305e-02 2.088443302598791407e-02 0.000000000000000000e+00 -3.050261117225954582e-02 0.000000000000000000e+00 -6.523704684476589932e+01 -2.088441455823335235e-02 0.000000000000000000e+00 9.766170943103184843e-02 0.000000000000000000e+00 -1.229193235147956441e-02 0.000000000000000000e+00 0.000000000000000000e+00 0.000000000000000000e+00 1.011118001201707223e-01 1.250105285695468083e-01 0.000000000000000000e+00 0.000000000000000000e+00 0.000000000000000000e+00 0.000000000000000000e+00 0.000000000000000000e+00 0.000000000000000000e+00 -1.727566522702742718e-02 0.000000000000000000e+00 -4.698119741961692686e-02 0.000000000000000000e+00 -2.970546409212427436e-02 0.000000000000000000e+00 0.000000000000000000e+00 0.000000000000000000e+00 9.766170943103182067e-02 0.000000000000000000e+00 0.000000000000000000e+00 0.000000000000000000e+00 8.301179454213075681e-03 0.000000000000000000e+00 0.000000000000000000e+00 0.000000000000000000e+00 9.460646380048024591e-04 0.000000000000000000e+00 0.000000000000000000e+00 0.000000000000000000e+00 0.000000000000000000e+00 0.000000000000000000e+00 0.000000000000000000e+00 -6.961286222334234384e-10 0.000000000000000000e+00 0.000000000000000000e+00 0.000000000000000000e+00 6.664419573329224966e-02 0.000000000000000000e+00 -1.340976563781013653e-01 -9.383696247653998401e-02 4.099065685337302534e-02 0.000000000000000000e+00 0.000000000000000000e+00 -7.677727394033742603e-02 0.000000000000000000e+00 0.000000000000000000e+00 0.000000000000000000e+00 1.200342778531611823e-02 0.000000000000000000e+00
-6.664419573329226354e-02 -3.050261117225954582e-02 -3.050261117225953889e-02 0.000000000000000000e+00 2.088443302598791407e-02 0.000000000000000000e+00 0.000000000000000000e+00 -2.088441455823335235e-02 -6.565207610903254931e+01 0.000000000000000000e+00 0.000000000000000000e+00 0.000000000000000000e+00 0.000000000000000000e+00 0.000000000000000000e+00 0.000000000000000000e+00 0.000000000000000000e+00 0.000000000000000000e+00 0.000000000000000000e+00 0.000000000000000000e+00 0.000000000000000000e+00 4.382673847527546879e-02 4.052440315661529069e-02 0.000000000000000000e+00 0.000000000000000000e+00 -1.397311043023618041e-02 -4.053361815117360184e-02 0.000000000000000000e+00 -4.650562404561355001e-02 0.000000000000000000e+00 -1.994505747529722040e-02 0.000000000000000000e+00 0.000000000000000000e+00 0.000000000000000000e+00 3.614158456103271078e-02 3.614158456103271772e-02 0.000000000000000000e+00 1.229192949342928880e-02 -1.229193235147956441e-02 0.000000000000000000e+00 0.000000000000000000e+00 0.000000000000000000e+00 0.000000000000000000e+00 0.000000000000000000e+00 -1.176345266728193693e-02 0.000000000000000000e+00 5.389471302276292383e-03 0.000000000000000000e+00 9.771304706323671180e-03 0.000000000000000000e+00 -7.381629899299323172e-03 0.000000000000000000e+00 7.677727640504405926e-02 0.000000000000000000e+00 0.000000000000000000e+00 -7.677727394033752317e-02 0.000000000000000000e+00 0.000000000000000000e+00 -1.340976563781013653e-01 -1.340976769572106153e-01 -6.664419573329227742e-02 0.000000000000000000e+00 0.000000000000000000e+00 0.000000000000000000e+00 0.000000000000000000e+00
-6.664419573329227742e-02 -3.050261117225954582e-02 -3.050261117225953889e-02 0.000000000000000000e+00 0.000000000000000000e+00 2.088443302598791407e-02 -2.088441455823335235e-02 0.000000000000000000e+00 0.000000000000000000e+00 -6.565207610903254931e+01 0.000000000000000000e+00 0.000000000000000000e+00 0.000000000000000000e+00 0.000000000000000000e+00 0.000000000000000000e+00 0.000000000000000000e+00 0.000000000000000000e+00 0.000000000000000000e+00 0.000000000000000000e+00 0.000000000000000000e+00 4.052440315661522130e-02 4.382673847527547573e-02 0.000000000000000000e+00 -1.397311043023618388e-02 0.000000000000000000e+00 0.000000000000000000e+00 -4.053361815117346306e-02 0.000000000000000000e+00 -4.650562404561349450e-02 0.000000000000000000e+00 -1.994505747529722040e-02 0.000000000000000000e+00 0.000000000000000000e+00 3.614158456103273159e-02 3.614158456103271078e-02 1.229192949342928880e-02 0.000000000000000000e+00 0.000000000000000000e+00 -1.229193235147956441e-02 0.000000000000000000e+00 0.000000000000000000e+00 0.000000000000000000e+00 0.000000000000000000e+00 0.000000000000000000e+00 -1.176345266728192132e-02 0.000000000000000000e+00 5.389471302276292383e-03 0.000000000000000000e+00 9.771304706323671180e-03 0.000000000000000000e+00 -7.381629899299319703e-03 0.000000000000000000e+00 7.677727640504400375e-02 -7.677727394033735664e-02 0.000000000000000000e+00 0.000000000000000000e+00 0.000000000000000000e+00 -1.340976769572106431e-01 -1.340976563781013375e-01 -6.664419573329226354e-02 0.000000000000000000e+00 0.000000000000000000e+00 0.000000000000000000e+00 0.000000000000000000e+00
5.464491760012714361e-02 0.000000000000000000e+00 1.011118001201707362e-01 1.250105285695468360e-01 0.000000000000000000e+00 0.000000000000000000e+00 9.766170943103180679e-02 9.766170943103184843e-02 0.000000000000000000e+00 0.000000000000000000e+00 -6.577257991319282837e+01 4.382673847527546879e-02 9.460646380048086390e-04 9.460646380047943275e-04 0.000000000000000000e+00 0.000000000000000000e+00 5.827626033812361578e-02 5.827626033812361578e-02 0.000000000000000000e+00 0.000000000000000000e+00 0.000000000000000000e+00 0.000000000000000000e+00 2.972764067888597483e-02 -4.650562404561350838e-02 -4.650562404561350838e-02 -1.994507075413848307e-02 -1.994507075413848307e-02 6.645060052444702603e-02 6.645060052444703991e-02 0.000000000000000000e+00 0.000000000000000000e+00 0.000000000000000000e+00 0.000000000000000000e+00 0.000000000000000000e+00 1.011117358336496713e-01 1.200342778531611823e-02 1.200342778531608701e-02 0.000000000000000000e+00 0.000000000000000000e+00 -1.933948993735520525e-03 -1.933948993735520525e-03 0.000000000000000000e+00 0.000000000000000000e+00 0.000000000000000000e+00 0.000000000000000000e+00 0.000000000000000000e+00 0.000000000000000000e+00 0.000000000000000000e+00 0.000000000000000000e+00 0.000000000000000000e+00 0.000000000000000000e+00 0.000000000000000000e+00 0.000000000000000000e+00 -3.938544909290820489e-02 -3.938544909290819795e-02 -1.095288162910782771e-02 -1.095288162910784333e-02 0.000000000000000000e+00 0.000000000000000000e+00 0.000000000000000000e+00 0.000000000000000000e+00 0.000000000000000000e+00 0.000000000000000000e+00 0.000000000000000000e+00
5.464487438242372763e-02 1.011117358336496713e-01 0.000000000000000000e+00 1.250105347006977841e-01 -9.766168849857088941e-02 -9.766168849857093104e-02 0.000000000000000000e+00 0.000000000000000000e+00 0.000000000000000000e+00 0.000000000000000000e+00 4.382673847527546879e-02 -6.577257972289520183e+01 9.460619906295068045e-04 9.460619906294865300e-04 0.000000000000000000e+00 0.000000000000000000e+00 0.000000000000000000e+00 0.000000000000000000e+00 -5.827624084815109795e-02 -5.827624084815109795e-02 0.000000000000000000e+00 0.000000000000000000e+00 2.972764055356904092e-02 -1.994505747529715448e-02 -1.994505747529715448e-02 -4.650562404561347368e-02 -4.650562404561350144e-02 0.000000000000000000e+00 0.000000000000000000e+00 -6.645072040345031961e-02 -6.645072040345031961e-02 0.000000000000000000e+00 0.000000000000000000e+00 1.011118001201705974e-01 0.000000000000000000e+00 0.000000000000000000e+00 0.000000000000000000e+00 -1.200341583646501349e-02 -1.200341583646499961e-02 0.000000000000000000e+00 0.000000000000000000e+00 1.933945371748655578e-03 1.933945371748655578e-03 0.000000000000000000e+00 0.000000000000000000e+00 0.000000000000000000e+00 0.000000000000000000e+00 0.000000000000000000e+00 0.000000000000000000e+00 0.000000000000000000e+00 0.000000000000000000e+00 3.938544765041974982e-02 3.938544765041970819e-02 0.000000000000000000e+00 0.000000000000000000e+00 -1.095287382477242756e-02 -1.095287382477244144e-02 0.000000000000000000e+00 0.000000000000000000e+00 0.000000000000000000e+00 0.000000000000000000e+00 0.000000000000000000e+00 0.000000000000000000e+00 0.000000000000000000e+00
4.808155689652388737e-02 0.000000000000000000e+00 0.000000000000000000e+00 -3.752997530142943017e-02 0.000000000000000000e+00 1.229192949342928880e-02 0.000000000000000000e+00 -1.229193235147956441e-02 0.000000000000000000e+00 0.000000000000000000e+00 9.460646380048086390e-04 9.460619906295068045e-04 -6.548936436238618342e+01 9.836061360861611536e-02 0.000000000000000000e+00 0.000000000000000000e+00 1.200342778531610262e-02 0.000000000000000000e+00 -1.200341583646498574e-02 0.000000000000000000e+00 0.000000000000000000e+00 0.000000000000000000e+00 -1.456827450813470426e-01 0.000000000000000000e+00 0.000000000000000000e+00 0.000000000000000000e+00 0.000000000000000000e+00 0.000000000000000000e+00 0.000000000000000000e+00 0.000000000000000000e+00 0.000000000000000000e+00 0.000000000000000000e+00 0.000000000000000000e+00 0.000000000000000000e+00 0.000000000000000000e+00 2.088443302598791407e-02 0.000000000000000000e+00 -2.088441455823335235e-02 0.000000000000000000e+00 0.000000000000000000e+00 9.766170943103187618e-02 0.000000000000000000e+00 -9.766168849857090328e-02 0.000000000000000000e+00 0.000000000000000000e+00 0.000000000000000000e+00 0.000000000000000000e+00 0.000000000000000000e+00 0.000000000000000000e+00 0.000000000000000000e+00 0.000000000000000000e+00 -2.429534532989427106e-02 0.000000000000000000e+00 2.429536013679570519e-02 0.000000000000000000e+00 2.942700828538274624e-02 3.713896987285236762e-02 0.000000000000000000e+00 0.000000000000000000e+00 0.000000000000000000e+00 1.011117358336496713e-01 0.000000000000000000e+00 1.011118001201705974e-01 0.000000000000000000e+00
4.808155689652366532e-02 0.000000000000000000e+00 0.000000000000000000e+00 -3.752997530142943017e-02 1.229192949342928880e-02 0.000000000000000000e+00 -1.229193235147956441e-02 0.000000000000000000e+00 0.000000000000000000e+00 0.000000000000000000e+00 9.460646380047943275e-04 9.460619906294865300e-04 9.836061360861611536e-02 -6.548936436238619763e+01 0.000000000000000000e+00 0.000000000000000000e+00 0.000000000000000000e+00 1.200342778531607660e-02 0.000000000000000000e+00 -1.200341583646499267e-02 0.000000000000000000e+00 0.000000000000000000e+00 -1.456827450813470426e-01 0.000000000000000000e+00 0.000000000000000000e+00 0.000000000000000000e+00 0.000000000000000000e+00 0.000000000000000000e+00 0.000000000000000000e+00 0.000000000000000000e+00 0.000000000000000000e+00 0.000000000000000000e+00 0.000000000000000000e+00 0.000000000000000000e+00 0.000000000000000000e+00 0.000000000000000000e+00 2.088443302598791407e-02 0.000000000000000000e+00 -2.088441455823335235e-02 9.766170943103182067e-02 0.000000000000000000e+00 -9.766168849857090328e-02 0.000000000000000000e+00 0.000000000000000000e+00 0.000000000000000000e+00 0.000000000000000000e+00 0.000000000000000000e+00 0.000000000000000000e+00 0.000000000000000000e+00 0.000000000000000000e+00 0.000000000000000000e+00 0.000000000000000000e+00 -2.429534532989427106e-02 0.000000000000000000e+00 2.429536013679565662e-02 3.713896987285192353e-02 2.942700828538287461e-02 0.000000000000000000e+00 0.000000000000000000e+00 0.000000000000000000e+00 0.000000000000000000e+00 1.011117358336496713e-01 0.000000000000000000e+00 1.011118001201705974e-01
4.106848050158766472e-02 0.000000000000000000e+00 2.972764067888597483e-02 0.000000000000000000e+00 0.000000000000000000e+00 0.000000000000000000e+00 0.000000000000000000e+00 0.000000000000000000e+00 0.000000000000000000e+00 0.000000000000000000e+00 0.000000000000000000e+00 0.000000000000000000e+00 0.000000000000000000e+00 0.000000000000000000e+00 -6.604422521497838261e+01 4.052440315661530457e-02 0.000000000000000000e+00 0.000000000000000000e+00 0.000000000000000000e+00 0.000000000000000000e+00 0.000000000000000000e+00 0.000000000000000000e+00 1.011118001201707362e-01 0.000000000000000000e+00 0.000000000000000000e+00 0.000000000000000000e+00 0.000000000000000000e+00 0.000000000000000000e+00 0.000000000000000000e+00 0.000000000000000000e+00 0.000000000000000000e+00 0.000000000000000000e+00 9.836061360861610148e-02 2.972764055356903745e-02 0.000000000000000000e+00 1.200342778531610609e-02 1.200342778531608007e-02 0.000000000000000000e+00 0.000000000000000000e+00 -1.933948993735576036e-03 -1.933948993735576036e-03 0.000000000000000000e+00 0.000000000000000000e+00 6.373982755708598388e-03 6.373982755708598388e-03 0.000000000000000000e+00 0.000000000000000000e+00 -1.176345266728191612e-02 -1.176345266728193346e-02 5.389475636129426386e-03 5.389475636129426386e-03 0.000000000000000000e+00 0.000000000000000000e+00 0.000000000000000000e+00 0.000000000000000000e+00 3.474899712191303197e-02 3.474899712191303891e-02 0.000000000000000000e+00 0.000000000000000000e+00 0.000000000000000000e+00 0.000000000000000000e+00 0.000000000000000000e+00 -7.697465224760004221e-02 -7.697465224760005609e-02
4.106847854811508658e-02 2.972764055356904092e-02 0.000000000000000000e+00 0.000000000000000000e+00 0.000000000000000000e+00 0.000000000000000000e+00 0.000000000000000000e+00 0.000000000000000000e+00 0.000000000000000000e+00 0.000000000000000000e+00 0.000000000000000000e+00 0.000000000000000000e+00 0.000000000000000000e+00 0.000000000000000000e+00 4.052440315661530457e-02 -6.604422511502909288e+01 0.000000000000000000e+00 0.000000000000000000e+00 0.000000000000000000e+00 0.000000000000000000e+00 0.000000000000000000e+00 0.000000000000000000e+00 1.011117358336496713e-01 0.000000000000000000e+00 0.000000000000000000e+00 0.000000000000000000e+00 0.000000000000000000e+00 0.000000000000000000e+00 0.000000000000000000e+00 0.000000000000000000e+00 0.000000000000000000e+00 9.836061360861610148e-02 0.000000000000000000e+00 0.000000000000000000e+00 2.972764067888596790e-02 0.000000000000000000e+00 0.000000000000000000e+00 -1.200341583646498227e-02 -1.200341583646500308e-02 0.000000000000000000e+00 0.000000000000000000e+00 1.933945371748676395e-03 1.933945371748676395e-03 0.000000000000000000e+00 0.000000000000000000e+00 -6.373979792498556465e-03 -6.373979792498556465e-03 5.389471302276327078e-03 5.389471302276327078e-03 -1.176345266728192132e-02 -1.176345266728191265e-02 0.000000000000000000e+00 0.000000000000000000e+00 0.000000000000000000e+00 0.000000000000000000e+00 3.474898651881386941e-02 3.474898651881381390e-02 0.000000000000000000e+00 0.000000000000000000e+00 0.000000000000000000e+00 -7.697465194990582571e-02 -7.697465194990585347e-02 0.000000000000000000e+00 0.000000000000000000e+00
-3.938544909290823959e-02 0.000000000000000000e+00 9.766170943103186231e-02 9.766170943103182067e-02 0.000000000000000000e+00 0.000000000000000000e+00 1.250105285695467805e-01 1.011118001201707223e-01 0.000000000000000000e+00 0.000000000000000000e+00 5.827626033812361578e-02 0.000000000000000000e+00 1.200342778531610262e-02 0.000000000000000000e+00 0.000000000000000000e+00 0.000000000000000000e+00 -6.535794204147242681e+01 0.000000000000000000e+00 3.614158456103271078e-02 0.000000000000000000e+00 0.000000000000000000e+00 -9.766168849857090328e-02 0.000000000000000000e+00 -4.698119741961692686e-02 0.000000000000000000e+00 -2.214811045785695931e-02 0.000000000000000000e+00 -2.483299037617665850e-02 0.000000000000000000e+00 0.000000000000000000e+00 0.000000000000000000e+00 0.000000000000000000e+00 5.827626033812361578e-02 0.000000000000000000e+00 0.000000000000000000e+00 9.460646380048024591e-04 0.000000000000000000e+00 0.000000000000000000e+00 0.000000000000000000e+00 -5.352224153071495627e-02 0.000000000000000000e+00 0.000000000000000000e+00 0.000000000000000000e+00 0.000000000000000000e+00 0.000000000000000000e+00 0.000000000000000000e+00 0.000000000000000000e+00 0.000000000000000000e+00 0.000000000000000000e+00 0.000000000000000000e+00 -2.333872199818368554e-08 0.000000000000000000e+00 0.000000000000000000e+00 5.464491760012717136e-02 5.239450454797863616e-02 0.000000000000000000e+00 2.115182428128368694e-02 0.000000000000000000e+00 0.000000000000000000e+00 0.000000000000000000e+00 0.000000000000000000e+00 0.000000000000000000e+00 -1.933948993735520525e-03 0.000000000000000000e+00
-3.938544909290823265e-02 0.000000000000000000e+00 9.766170943103186231e-02 9.766170943103187618e-02 0.000000000000000000e+00 0.000000000000000000e+00 1.011118001201705696e-01 1.250105285695468083e-01 0.000000000000000000e+00 0.000000000000000000e+00 5.827626033812361578e-02 0.000000000000000000e+00 0.000000000000000000e+00 1.200342778531607660e-02 0.000000000000000000e+00 0.000000000000000000e+00 0.000000000000000000e+00 -6.535794204147242681e+01 0.000000000000000000e+00 3.614158456103271772e-02 -9.766168849857090328e-02 0.000000000000000000e+00 0.000000000000000000e+00 0.000000000000000000e+00 -4.698119741961692686e-02 0.000000000000000000e+00 -2.214811045785696625e-02 0.000000000000000000e+00 -2.483299037617665850e-02 0.000000000000000000e+00 0.000000000000000000e+00 0.000000000000000000e+00 5.827626033812361578e-02 0.000000000000000000e+00 0.000000000000000000e+00 0.000000000000000000e+00 9.460646380048012664e-04 0.000000000000000000e+00 0.000000000000000000e+00 0.000000000000000000e+00 -5.352224153071497015e-02 0.000000000000000000e+00 0.000000000000000000e+00 0.000000000000000000e+00 0.000000000000000000e+00 0.000000000000000000e+00 0.000000000000000000e+00 0.000000000000000000e+00 0.000000000000000000e+00 -2.333872202912468738e-08 0.000000000000000000e+00 0.000000000000000000e+00 0.000000000000000000e+00 5.239450454797862228e-02 5.464491760012714361e-02 2.115182428128364184e-02 0.000000000000000000e+00 0.000000000000000000e+00 0.000000000000000000e+00 0.000000000000000000e+00 0.000000000000000000e+00 0.000000000000000000e+00 0.000000000000000000e+00 -1.933948993735520525e-03
3.938544765041976370e-02 -9.766168849857097267e-02 0.000000000000000000e+00 -9.766168849857090328e-02 1.250105347006977841e-01 1.011117358336495048e-01 0.000000000000000000e+00 0.000000000000000000e+00 0.000000000000000000e+00 0.000000000000000000e+00 0.000000000000000000e+00 -5.827624084815109795e-02 -1.200341583646498574e-02 0.000000000000000000e+00 0.000000000000000000e+00 0.000000000000000000e+00 3.614158456103271078e-02 0.000000000000000000e+00 -6.535794209285575107e+01 0.000000000000000000e+00 9.766170943103187618e-02 0.000000000000000000e+00 0.000000000000000000e+00 -2.483300522378024608e-02 0.000000000000000000e+00 0.000000000000000000e+00 0.000000000000000000e+00 -4.698119741961692686e-02 0.000000000000000000e+00 2.214821952219921120e-02 0.000000000000000000e+00 -5.827624084815109795e-02 0.000000000000000000e+00 0.000000000000000000e+00 0.000000000000000000e+00 0.000000000000000000e+00 0.000000000000000000e+00 9.460619906295058288e-04 0.000000000000000000e+00 0.000000000000000000e+00 0.000000000000000000e+00 -5.352224261834988284e-02 0.000000000000000000e+00 0.000000000000000000e+00 0.000000000000000000e+00 0.000000000000000000e+00 -2.333872199818368554e-08 0.000000000000000000e+00 0.000000000000000000e+00 0.000000000000000000e+00 0.000000000000000000e+00 5.464487438242376233e-02 5.239450490514273306e-02 0.000000000000000000e+00 0.000000000000000000e+00 0.000000000000000000e+00 -2.115182450724282029e-02 0.000000000000000000e+00 0.000000000000000000e+00 0.000000000000000000e+00 1.933945371748655578e-03 0.000000000000000000e+00 0.000000000000000000e+00 0.000000000000000000e+00
3.938544765041971513e-02 -9.766168849857090328e-02 0.000000000000000000e+00 -9.766168849857090328e-02 1.011117358336495881e-01 1.250105347006977841e-01 0.000000000000000000e+00 0.000000000000000000e+00 0.000000000000000000e+00 0.000000000000000000e+00 0.000000000000000000e+00 -5.827624084815109795e-02 0.000000000000000000e+00 -1.200341583646499267e-02 0.000000000000000000e+00 0.000000000000000000e+00 0.000000000000000000e+00 3.614158456103271772e-02 0.000000000000000000e+00 -6.535794209285575107e+01 0.000000000000000000e+00 9.766170943103182067e-02 0.000000000000000000e+00 0.000000000000000000e+00 -2.483300522378024608e-02 0.000000000000000000e+00 0.000000000000000000e+00 0.000000000000000000e+00 -4.698119741961693380e-02 0.000000000000000000e+00 2.214821952219920426e-02 -5.827624084815109795e-02 0.000000000000000000e+00 0.000000000000000000e+00 0.000000000000000000e+00 0.000000000000000000e+00 0.000000000000000000e+00 0.000000000000000000e+00 9.460619906294846868e-04 0.000000000000000000e+00 0.000000000000000000e+00 0.000000000000000000e+00 -5.352224261834986896e-02 0.000000000000000000e+00 0.000000000000000000e+00 -2.333872202912468738e-08 0.000000000000000000e+00 0.000000000000000000e+00 0.000000000000000000e+00 0.000000000000000000e+00 0.000000000000000000e+00 5.239450490514265674e-02 5.464487438242367212e-02 0.000000000000000000e+00 0.000000000000000000e+00 -2.115182450724284111e-02 0.000000000000000000e+00 0.000000000000000000e+00 0.000000000000000000e+00 0.000000000000000000e+00 0.000000000000000000e+00 1.933945371748655578e-03 0.000000000000000000e+00 0.000000000000000000e+00
-3.234005444513964739e-02 3.614158456103271772e-02 3.614158456103271078e-02 0.000000000000000000e+00 0.000000000000000000e+00 0.000000000000000000e+00 0.000000000000000000e+00 0.000000000000000000e+00 4.382673847527546879e-02 4.052440315661522130e-02 0.000000000000000000e+00 0.000000000000000000e+00 0.000000000000000000e+00 0.000000000000000000e+00 0.000000000000000000e+00 0.000000000000000000e+00 0.000000000000000000e+00 -9.766168849857090328e-02 9.766170943103187618e-02 0.000000000000000000e+00 -6.585004468801383837e+01 0.000000000000000000e+00 0.000000000000000000e+00 -4.053361815117360184e-02 0.000000000000000000e+00 0.000000000000000000e+00 -6.709414762537575794e-02 -1.994507075413847266e-02 0.000000000000000000e+00 -4.650562404561353613e-02 0.000000000000000000e+00 0.000000000000000000e+00 0.000000000000000000e+00 3.801530115893063388e-03 3.801530115893070327e-03 0.000000000000000000e+00 0.000000000000000000e+00 0.000000000000000000e+00 0.000000000000000000e+00 0.000000000000000000e+00 -1.200341583646497533e-02 1.200342778531609915e-02 0.000000000000000000e+00 0.000000000000000000e+00 5.389475636129402100e-03 0.000000000000000000e+00 -1.176345266728192132e-02 -7.381629899299319703e-03 0.000000000000000000e+00 -2.453457219537947404e-02 0.000000000000000000e+00 0.000000000000000000e+00 0.000000000000000000e+00 0.000000000000000000e+00 0.000000000000000000e+00 0.000000000000000000e+00 0.000000000000000000e+00 3.511338639961791852e-02 3.511336795438566027e-02 -3.234005444513964739e-02 0.000000000000000000e+00 0.000000000000000000e+00 0.000000000000000000e+00 0.000000000000000000e+00
-3.234005444513964739e-02 3.614158456103271772e-02 3.614158456103271772e-02 0.000000000000000000e+00 0.000000000000000000e+00 0.000000000000000000e+00 0.000000000000000000e+00 0.000000000000000000e+00 4.052440315661529069e-02 4.382673847527547573e-02 0.000000000000000000e+00 0.000000000000000000e+00 0.000000000000000000e+00 0.000000000000000000e+00 0.000000000000000000e+00 0.000000000000000000e+00 -9.766168849857090328e-02 0.000000000000000000e+00 0.000000000000000000e+00 9.766170943103182067e-02 0.000000000000000000e+00 -6.585004468801386679e+01 0.000000000000000000e+00 0.000000000000000000e+00 -4.053361815117346306e-02 -6.709414762537575794e-02 0.000000000000000000e+00 0.000000000000000000e+00 -1.994507075413847266e-02 0.000000000000000000e+00 -4.650562404561350838e-02 0.000000000000000000e+00 0.000000000000000000e+00 3.801530115893063388e-03 3.801530115893070327e-03 0.000000000000000000e+00 0.000000000000000000e+00 0.000000000000000000e+00 0.000000000000000000e+00 -1.200341583646495798e-02 0.000000000000000000e+00 0.000000000000000000e+00 1.200342778531607486e-02 5.389475636129402100e-03 0.000000000000000000e+00 -1.176345266728193346e-02 0.000000000000000000e+00 0.000000000000000000e+00 -7.381629899299323172e-03 0.000000000000000000e+00 -2.453457219537947404e-02 0.000000000000000000e+00 0.000000000000000000e+00 0.000000000000000000e+00 0.000000000000000000e+00 0.000000000000000000e+00 0.000000000000000000e+00 3.511336795438563252e-02 3.511338639961791158e-02 -3.234005444513964739e-02 0.000000000000000000e+00 0.000000000000000000e+00 0.000000000000000000e+00 0.000000000000000000e+00
3.532988168450892225e-02 0.000000000000000000e+00 0.000000000000000000e+00 9.836061360861615699e-02 0.000000000000000000e+00 0.000000000000000000e+00 0.000000000000000000e+00 0.000000000000000000e+00 0.000000000000000000e+00 0.000000000000000000e+00 2.972764067888597483e-02 2.972764055356904092e-02 -1.456827450813470426e-01 -1.456827450813470426e-01 1.011118001201707362e-01 1.011117358336496713e-01 0.000000000000000000e+00 0.000000000000000000e+00 0.000000000000000000e+00 0.000000000000000000e+00 0.000000000000000000e+00 0.000000000000000000e+00 -6.601756814143882934e+01 0.000000000000000000e+00 0.000000000000000000e+00 0.000000000000000000e+00 0.000000000000000000e+00 0.000000000000000000e+00 0.000000000000000000e+00 0.000000000000000000e+00 0.000000000000000000e+00 0.000000000000000000e+00 0.000000000000000000e+00 0.000000000000000000e+00 0.000000000000000000e+00 -1.229193235147960257e-02 -1.229193235147960257e-02 1.229192949342928533e-02 1.229192949342928533e-02 1.200342778531610262e-02 1.200342778531607660e-02 -1.200341583646498574e-02 -1.200341583646499267e-02 0.000000000000000000e+00 0.000000000000000000e+00 0.000000000000000000e+00 0.000000000000000000e+00 0.000000000000000000e+00 0.000000000000000000e+00 0.000000000000000000e+00 0.000000000000000000e+00 0.000000000000000000e+00 0.000000000000000000e+00 0.000000000000000000e+00 0.000000000000000000e+00 -6.086835955339320314e-03 -6.086835955339375825e-03 0.000000000000000000e+00 0.000000000000000000e+00 0.000000000000000000e+00 0.000000000000000000e+00 0.000000000000000000e+00 0.000000000000000000e+00 0.000000000000000000e+00
2.656056657031618390e-02 0.000000000000000000e+00 -1.994505747529722040e-02 0.000000000000000000e+00 0.000000000000000000e+00 0.000000000000000000e+00 -1.727566522702743065e-02 0.000000000000000000e+00 0.000000000000000000e+00 -1.397311043023618388e-02 -4.650562404561350838e-02 -1.994505747529715448e-02 0.000000000000000000e+00 0.000000000000000000e+00 0.000000000000000000e+00 0.000000000000000000e+00 -4.698119741961692686e-02 0.000000000000000000e+00 -2.483300522378024608e-02 0.000000000000000000e+00 -4.053361815117360184e-02 0.000000000000000000e+00 0.000000000000000000e+00 -6.576576631403820272e+01 0.000000000000000000e+00 4.382673847527547573e-02 1.011118001201705696e-01 3.614158456103271078e-02 0.000000000000000000e+00 -3.050261117225953889e-02 0.000000000000000000e+00 0.000000000000000000e+00 0.000000000000000000e+00 -4.650562404561350838e-02 0.000000000000000000e+00 4.381818970124982081e-03 0.000000000000000000e+00 0.000000000000000000e+00 0.000000000000000000e+00 -7.381629899299319703e-03 0.000000000000000000e+00 5.389471302276292383e-03 0.000000000000000000e+00 0.000000000000000000e+00 1.200342778531608701e-02 0.000000000000000000e+00 0.000000000000000000e+00 0.000000000000000000e+00 1.933945371748655578e-03 0.000000000000000000e+00 0.000000000000000000e+00 0.000000000000000000e+00 4.872458868344017001e-03 4.570189865594349404e-08 0.000000000000000000e+00 0.000000000000000000e+00 -7.622422532979996300e-03 -2.656050407365282209e-02 0.000000000000000000e+00 0.000000000000000000e+00 0.000000000000000000e+00 0.000000000000000000e+00 0.000000000000000000e+00 0.000000000000000000e+00
