counts=[1, 2, 3, 4, 5, 6, 7, 8, 9, 10, 11, 12, 13, 14, 15, 16, 17, 18]
energies=[-55.45495704208683, -54.950942914578704, -55.178384444700896, -55.41628278601853, -55.3954182390961, -55.4663104125586, -55.46280596988622, -55.4656101996936, -55.46451575823704, -55.46463361086886, -55.46435351207282, -55.46445317014488, -55.4653582596155, -55.46523838049359, -55.46434448932422, -55.4640002812792, -55.465367678275584, -55.46634273707831]
std_values=[0.0004306711299533713, 0.0022678099483585132, 0.002268837074178325, 0.0013399952360621473, 0.0007846341613642007, 0.0005470983091738369, 0.0007840454743096522, 0.000650522770817719, 0.0005104485621985395, 0.0005844576060375958, 0.0005471810116553088, 0.0005661712260891534, 0.0005429373895645028, 0.0005577917775582675, 0.0005651941082009836, 0.000560725516110703, 0.000552083666794025, 0.0005367916181249269]
ci_ground_energy=-55.466200446332365