counts:[1, 2, 3, 4, 5, 6, 7, 8, 9, 10, 11, 12, 13, 14, 15, 16, 17, 18, 19, 20, 21, 22, 23, 24, 25, 26, 27, 28, 29, 30, 31, 32, 33, 34, 35, 36, 37, 38, 39, 40, 41, 42, 43, 44, 45, 46]
 energies:[-77.07568126286748, -76.7386077623022, -76.83566216821686, -77.00971251154837, -76.83370776859377, -76.65877572787912, -76.9487628538007, -77.0431466404861, -77.04671294369214, -77.09223666798965, -77.07005233839712, -77.10376701320556, -77.11921826122943, -77.08812502009368, -77.10253199667429, -77.1163980708732, -77.11858975434637, -77.1224729228986, -77.11792162860587, -77.11923325647484, -77.12091765618518, -77.1181497130813, -77.11908508179363, -77.11883045935201, -77.11807788723317, -77.12242413783494, -77.11953295200988, -77.1171499660951, -77.12066341946598, -77.12198494045865, -77.1203278838313, -77.11781209195763, -77.12043172462523, -77.11844461919173, -77.12114307971504, -77.12035590214711, -77.12051043542448, -77.12268285689944, -77.12382675666095, -77.11937455535079, -77.12292479221287, -77.11928326769566, -77.117954936486, -77.12326902593747, -77.11662769889361, -77.1212169259801]
 std_values:[0.0010535927962132866, 0.002064132232536139, 0.001617598089139079, 0.0017362599606827748, 0.0016193629257054052, 0.0020494760357420163, 0.0015371839172416497, 0.0012028427836814721, 0.001065195863058138, 0.0010644154269701751, 0.0011226808911202395, 0.0011876701470720163, 0.001319404925339249, 0.0014273486718715028, 0.0013592493998821635, 0.0013651938067650539, 0.00134035130360873, 0.001259243441174045, 0.0012457439790263356, 0.0012578826913765822, 0.0012486806903904074, 0.001281092444728609, 0.0012598017154739497, 0.00126073241259085, 0.0012761110003880847, 0.0012696164199710223, 0.0012639622349404779, 0.0012733834128947565, 0.0012609207072621826, 0.0012625316712131796, 0.0012663750502774106, 0.0012664916638354888, 0.0012664629413809967, 0.0012708207547177939, 0.0012621858317974424, 0.0012621305504455893, 0.0012639784433367141, 0.0012597610745056931, 0.0012572660266363565, 0.001266739539859116, 0.0012616102155061238, 0.0012628147103614193, 0.0012704220354904476, 0.0012617318176950784, 0.0012714460294384617, 0.0012628809847602808]
 ci_ground energy:-77.12311361655944