counts:[1, 2, 3, 4, 5, 6, 7, 8, 9, 10, 11, 12, 13, 14, 15, 16, 17, 18, 19, 20, 21, 22, 23, 24, 25, 26, 27, 28, 29, 30, 31, 32, 33, 34, 35, 36, 37, 38, 39, 40, 41, 42, 43, 44, 45, 46, 47]
 energies:[-55.44834521910103, -54.84079471838119, -55.11610288491734, -54.97989463085055, -55.12451368524228, -55.02079037508129, -55.346117921057626, -55.388520482014144, -55.44956405780566, -55.42928041326137, -55.41288947097128, -55.456143664696796, -55.458520896166945, -55.44841858003825, -55.458496728689624, -55.46650081572048, -55.486791582411, -55.449447788260926, -55.43774682121709, -55.461929177925555, -55.45676732755656, -55.46266399788816, -55.45505561616861, -55.46253864210516, -55.459735919563045, -55.456019810318196, -55.45555500140088, -55.45969331669744, -55.42669665019356, -55.456953508407935, -55.45795637995515, -55.45245989345908, -55.45242523958383, -55.4553994395751, -55.45566826970581, -55.46088735962462, -55.45939638336323, -55.45876714504627, -55.457545630596115, -55.45667444326007, -55.45578348265771, -55.45630607130951, -55.45782102002484, -55.45371563444253, -55.46323864917109, -55.463282718781414, -55.457347074577314]
 std_values:[0.0025118684424271275, 0.007632281718026551, 0.004436101517205686, 0.005324061644906331, 0.004431693364364487, 0.006288862935134134, 0.004686195467590919, 0.003654040880946898, 0.0024354214672369905, 0.0023551781600709676, 0.002322297830724013, 0.0027062077808343568, 0.00276387002324385, 0.0031837791373360855, 0.002937593474876868, 0.002632592290951938, 0.0018869336020012762, 0.002493111884370061, 0.002861688017564584, 0.0024587542108384626, 0.0027796603688576707, 0.002503241119340386, 0.0026879344670815153, 0.0025176431098043886, 0.002523786102422467, 0.002603720211521984, 0.002666014985206252, 0.0025050971381186866, 0.0030279027929189296, 0.0025621559285326193, 0.0025652250237194374, 0.002663435974921045, 0.0026086211260918377, 0.0026614658092439358, 0.002597006112208091, 0.002487577172413972, 0.002528637311515054, 0.0025312492486343923, 0.0025812984400349517, 0.0026242188018658617, 0.0025974155573122593, 0.002609674139167157, 0.002588002958675459, 0.0026317747122397, 0.0024528388895301858, 0.0024485687459740446, 0.002594792343855844]
 ci_ground energy:-55.48028492230587