counts:[1, 2, 3, 4, 5, 6, 7, 8, 9, 10, 11, 12, 13, 14, 15, 16, 17, 18, 19, 20, 21, 22, 23, 24]
 energies:[-1.117349034998859, -0.580160231204907, -0.8814078132744099, -1.1002242683348022, -1.0469216860567474, -1.1331048138428328, -1.1354925885185372, -1.1244750986007703, -1.1316536435857159, -1.136154514911827, -1.1359769424014257, -1.1361706743972706, -1.1361000430793635, -1.1361863125739289, -1.1361888320441742, -1.1361782327695635, -1.13618517224456, -1.1361894320608628, -1.1361892121544477, -1.1361894245980484, -1.1361893589244725, -1.1361894472237533, -1.1361894537891255, -1.1361894517569804]
 std_values:[0.0, 0.0, 0.0, 0.0, 0.0, 0.0, 0.0, 0.0, 0.0, 0.0, 0.0, 0.0, 0.0, 0.0, 0.0, 0.0, 0.0, 0.0, 0.0, 0.0, 0.0, 0.0, 0.0, 0.0]
 ci_ground energy:-1.1361894540879058