counts:[1, 2, 3, 4, 5, 6, 7, 8, 9, 10, 11, 12, 13, 14, 15, 16, 17, 18, 19, 20, 21, 22, 23, 24, 25, 26, 27, 28, 29, 30, 31, 32, 33, 34, 35, 36, 37, 38, 39, 40, 41, 42, 43, 44, 45, 46, 47, 48, 49, 50, 51, 52, 53, 54, 55, 56, 57, 58, 59, 60, 61, 62, 63]
 energies:[-55.39853600304577, -54.9449694504742, -55.22960322325657, -54.746790186076204, -55.235396184434556, -54.90218143709718, -55.24386577006401, -54.849743947409756, -55.26961428576893, -55.34770732103866, -55.400288779646566, -55.38739341739659, -55.445996139728685, -55.427624063865174, -55.42822473402213, -55.44028631945468, -55.44187007334886, -55.444165131163196, -55.450965068476926, -55.45073453296278, -55.456886118871616, -55.46345317991145, -55.45813915998925, -55.46659853093468, -55.453201187937516, -55.45653396199291, -55.45513841631239, -55.45679748607065, -55.4575011962094, -55.45739337701537, -55.451837492391824, -55.45661045797112, -55.454988982118046, -55.46003813525876, -55.457428053447096, -55.45805462555088, -55.457442771944635, -55.4634716814031, -55.46341917069234, -55.463246801434515, -55.458743489158785, -55.4623751212334, -55.450801821422836, -55.4582306114639, -55.46061707395835, -55.495657705570814, -55.49143453783888, -55.488126754454406, -55.48050310257589, -55.49097732150366, -55.45693900793524, -55.46133843783587, -55.46882417134645, -55.46467134799537, -55.45676443740032, -55.45907262177878, -55.45612341767036, -55.45736725148901, -55.457213642409776, -55.45028762792233, -55.45891790691868, -55.456285227618885, -55.46438578163471]
 std_values:[0.00344175188725752, 0.005608327166435231, 0.003772383326690119, 0.007985095038295533, 0.003781011255214372, 0.0059122013742321095, 0.0037276787177178802, 0.006536888724277246, 0.005213358405279807, 0.0038083449556552997, 0.0032902529860645126, 0.003640418410425744, 0.0024887627589161303, 0.002100820634634524, 0.0023390147665151573, 0.0030850536037343203, 0.0024455355867013862, 0.0025175034683554164, 0.0023330625980157852, 0.0022298031710347092, 0.00230554138107204, 0.0024431729235979173, 0.0025027458599529294, 0.0024117741002502927, 0.002894215900259703, 0.002541617403478921, 0.0025635270952926534, 0.002613147641210299, 0.0025093785649345198, 0.0025076990221431735, 0.002746983156266422, 0.002585996062648832, 0.00255672239145832, 0.002494143052518891, 0.0025436022141405914, 0.002557647345467836, 0.002576684356410803, 0.0024556445969905354, 0.002481946203303195, 0.002421047812530402, 0.0024991421690291125, 0.0024574893246424026, 0.0027153033018364045, 0.002569556888328474, 0.0025176091571191637, 0.0016840457784130386, 0.0017511282412303582, 0.0018858885613231605, 0.0021108317935810725, 0.0017238883215864736, 0.002559817113414109, 0.0025207635150143485, 0.0023986380512084665, 0.002493825882875029, 0.002551649060766387, 0.0025567475724051787, 0.002554550150931918, 0.0025886442396383736, 0.0025410541960714382, 0.0026443386723706084, 0.0025623928649044737, 0.002580835340546052, 0.002453111811205183]
 ci_ground energy:-55.47759417324355