counts:[1, 2, 3, 4, 5, 6, 7, 8, 9, 10, 11, 12, 13, 14, 15, 16, 17, 18, 19, 20, 21, 22]
 energies:[-0.9439177327083687, -0.6162420783318431, -0.9887945298794286, -0.7199867931551348, -0.8821151473467755, -1.0138648502857572, -1.0094461787346631, -1.0139863724714773, -1.0118641004072582, -1.015158221470538, -1.0152392764323261, -1.0159196684360192, -1.0135034821697833, -1.014321091087898, -1.0151856176800842, -1.0163360335870308, -1.014822482357447, -1.0158495900264026, -1.015502353604906, -1.0138692106459057, -1.0117339398669154, -1.0122919730410702]
 std_values:[0.0015769101573083668, 0.0019755440155013433, 0.001985378995715784, 0.002031498948857541, 0.0021131551393040815, 0.0018432872020367722, 0.0017264366855762972, 0.0017852543476087224, 0.0017572341361533502, 0.0017993965803479142, 0.0018118513501912577, 0.0018164648707367887, 0.0018344119190761635, 0.0018278040549378032, 0.0018179234148439417, 0.0018146530831328622, 0.0018261431429554922, 0.0018165278760023196, 0.001821614520954894, 0.001831258783318563, 0.0018398381554661943, 0.0018343993387106641]
 ci_ground energy:-1.0154682491653269