counts:[1, 2, 3, 4, 5, 6, 7, 8, 9, 10, 11, 12, 13, 14, 15, 16, 17, 18, 19, 20, 21, 22]
 energies:[-0.7837926540830404, -0.5099940346785996, -0.9461090500823139, -0.8477102767550995, -0.9296032774086227, -0.9278971435641246, -0.948631632092084, -0.9466897973819077, -0.9482185055295369, -0.9484191776806239, -0.9486330990178178, -0.9486076394563963, -0.9486392806589623, -0.9486410967257599, -0.9486385471904994, -0.9486407343924474, -0.9486408686167567, -0.9486411084613449, -0.9486410519843094, -0.9486410887494041, -0.948641111612347, -0.9486411119023048]
 std_values:[0.0, 0.0, 0.0, 0.0, 0.0, 0.0, 0.0, 0.0, 0.0, 0.0, 0.0, 0.0, 0.0, 0.0, 0.0, 0.0, 0.0, 0.0, 0.0, 0.0, 0.0, 0.0]
 ci_ground energy:-0.9486411121296496