counts:[1, 2, 3, 4, 5, 6, 7, 8, 9, 10, 11, 12, 13, 14, 15, 16, 17, 18, 19, 20, 21, 22, 23]
 energies:[-7.862955931480798, -7.506644634402319, -7.71756693205271, -7.854747724285586, -7.815024053985525, -7.874261816184452, -7.875566206301432, -7.869863917142316, -7.872949052609464, -7.876676432540977, -7.8749220049983695, -7.876953590572189, -7.876538475456897, -7.875300576376375, -7.877037057592695, -7.876879247706235, -7.87573597096908, -7.877876797183589, -7.876647304138789, -7.877350610674018, -7.87780321705103, -7.876338497337446, -7.87678414567954]
 std_values:[0.0003891319515677111, 0.0014826076392942817, 0.0014743350241739552, 0.0009049154598473742, 0.0005789235177543054, 0.000448045787651312, 0.000583497891194189, 0.000738740621644068, 0.0006604987773138261, 0.0005453207425302789, 0.0005149446727892025, 0.0005214611328981005, 0.000500685248719642, 0.0005171646121127529, 0.0005289576881658504, 0.0005293648723810294, 0.0005302429563233691, 0.0005162881594754085, 0.0005200397528035468, 0.0005221606304783084, 0.0005191392704494542, 0.0005223142885130298, 0.0005284218577287103]
 ci_ground energy:-7.876899141132457