counts:[1, 2, 3, 4, 5, 6, 7, 8, 9, 10, 11, 12, 13, 14, 15, 16, 17, 18, 19, 20, 21, 22, 23, 24, 25, 26, 27, 28, 29, 30, 31, 32, 33, 34, 35, 36, 37, 38, 39, 40, 41, 42, 43, 44, 45, 46, 47, 48]
 energies:[-15.561203320429739, -15.33337247977285, -15.333816746956684, -15.221145471940181, -15.3311816566799, -15.370364118467622, -15.537173001074814, -15.546446031778624, -15.558096258415189, -15.547190074008595, -15.535328257540646, -15.569824877880984, -15.570306627969908, -15.572565822136033, -15.564329118315408, -15.570478777614047, -15.57054797799764, -15.57103677816677, -15.573708802596952, -15.571923987638487, -15.573359922529741, -15.571453931996997, -15.571964480529145, -15.573156493512252, -15.572059941030945, -15.572034961073962, -15.572944345831315, -15.573059907279804, -15.57352189606676, -15.573391053365254, -15.573493238558187, -15.572879202149375, -15.571868352536656, -15.572386672651012, -15.572711987231115, -15.571982093118388, -15.573373770235362, -15.57192588477408, -15.57240620412008, -15.572334245660633, -15.57307351959925, -15.571254122759035, -15.572023965506451, -15.572566460968533, -15.572385871218215, -15.570678036955952, -15.572917383842453, -15.573522001360976]
 std_values:[0.00033381639381237097, 0.0011188202480339204, 0.0011137519568805278, 0.0015872772750963266, 0.0011196524455562697, 0.001376247624928358, 0.0008770461551723608, 0.0004707747310965206, 0.0003760868495584486, 0.0004476578955982866, 0.0004564450432746614, 0.00039838385131978966, 0.0004668616713206073, 0.0004651734125868458, 0.000612047474349665, 0.0005187717926046113, 0.00045740433141181624, 0.00041789347907947, 0.0004476047983636774, 0.00047114392174681384, 0.0004444362467730577, 0.0004703089850063442, 0.0004396863220524877, 0.000464250021682177, 0.0004623420778702883, 0.0004655788288778367, 0.0004521815113283116, 0.00045823977306157926, 0.00045860392159737505, 0.0004550836957772771, 0.0004505458960893688, 0.0004512865643910484, 0.0004666507387164085, 0.00045999390654522616, 0.0004541918710694268, 0.0004599814038285122, 0.0004530608873412147, 0.000467300813720967, 0.00045874859865572046, 0.00045968625476680233, 0.000457407824972807, 0.0004680267540263231, 0.00046489797464123803, 0.00046139547209264874, 0.00046385720582934584, 0.0004730800806004051, 0.00045520150997090217, 0.00044957456724119683]
 ci_ground energy:-15.572918556150869