counts:[1, 2, 3, 4, 5, 6, 7, 8, 9, 10, 11, 12, 13, 14, 15, 16, 17, 18, 19]
 energies:[-1.0996236043209873, -0.49841909378292293, -0.7868453428599391, -1.0671943894475875, -1.0271081381957095, -1.1152277716044419, -1.1209057760149364, -1.0959800190395461, -1.1070065580958128, -1.1157483916826696, -1.1162868155459433, -1.1182497472480808, -1.1183037779323999, -1.1147463948828538, -1.1190469785475754, -1.1139976913336822, -1.1198725841601243, -1.115559496082628, -1.1140583475325376]
 std_values:[0.0012284150895696775, 0.005928041125070511, 0.005942768006716626, 0.003454132568055012, 0.00204954185065799, 0.0014577790649074533, 0.0019528129264641408, 0.002785244732900516, 0.0024383012228148472, 0.0019260050782744739, 0.00211737879885763, 0.0019655467263256015, 0.0020112969857717894, 0.002038710630398632, 0.002029386196135891, 0.002092709825903597, 0.0019904224752177293, 0.00204021855298284, 0.002058114251182417]
 ci_ground energy:-1.1162860069722225