-9.469677376023541981e+00 1.227988666548188168e-01 -2.777288713064272885e-02 -2.777288713064278783e-02 2.802041085666995973e-02 2.802041085666997361e-02 4.270696296604370445e-10 4.270696296604370445e-10
1.227988666548188168e-01 -8.264310863734639412e+00 2.708501120148942148e-02 2.708501120148942148e-02 1.396828295386658494e-02 1.396828295386659188e-02 -2.853962838109239467e-02 -2.853962838109268263e-02
-2.777288713064272885e-02 2.708501120148942148e-02 -8.682738196584301349e+00 2.710265728921777001e-02 -1.102655912361456304e-02 -1.102655912361455610e-02 4.212005663081667267e-03 -1.394427675763914576e-01
-2.777288713064278783e-02 2.708501120148942148e-02 2.710265728921777001e-02 -8.682738196584301349e+00 -1.102655912361454743e-02 -1.102655912361455437e-02 -1.394427675763914576e-01 4.212005663081752269e-03
2.802041085666995973e-02 1.396828295386658494e-02 -1.102655912361456304e-02 -1.102655912361454743e-02 -8.859736123758258586e+00 1.686913951369111223e-02 1.984009870782694335e-02 1.984009870782694682e-02
2.802041085666997361e-02 1.396828295386659188e-02 -1.102655912361455610e-02 -1.102655912361455437e-02 1.686913951369111223e-02 -8.859736123758256809e+00 1.984009870782694682e-02 1.984009870782695029e-02
4.270696296604370445e-10 -2.853962838109239467e-02 4.212005663081667267e-03 -1.394427675763914576e-01 1.984009870782694335e-02 1.984009870782694682e-02 -9.324245786666793379e+00 9.286776707677938877e-03
4.270696296604370445e-10 -2.853962838109268263e-02 -1.394427675763914576e-01 4.212005663081752269e-03 1.984009870782694682e-02 1.984009870782695029e-02 9.286776707677938877e-03 -9.324245786666793379e+00
