counts:[1, 2, 3, 4, 5, 6, 7, 8, 9, 10, 11, 12, 13, 14, 15, 16, 17, 18, 19, 20]
 energies:[-74.96179771356833, -74.41450445538926, -74.66263767262235, -74.92544969725505, -74.89601720456423, -74.97532471543083, -74.97223299653605, -74.97512681796019, -74.97294718062336, -74.97595624616342, -74.97592360455586, -74.97570289783756, -74.9755862668743, -74.97752617955831, -74.97504148584282, -74.97625528816569, -74.97637697536956, -74.97483929594594, -74.97530354936079, -74.9762525145151]
 std_values:[0.0004813225010938846, 0.0024597836154339565, 0.0024770346382738864, 0.0014463063399984015, 0.0008619083731706624, 0.0005779024405149551, 0.0008528530476698027, 0.0007155949854230771, 0.0005336131963008234, 0.000610306798749026, 0.0006421797022848134, 0.0006276291321641511, 0.0006026020732632439, 0.0005931142471784739, 0.0006251596273590568, 0.0006076960847462338, 0.0005992208147358584, 0.0006192387184018744, 0.0006261508935547582, 0.0006160035772559064]
 ci_ground energy:-74.97490887856112