-2.264215320657013919e+01 7.979861438512485250e-02 7.979861438512483862e-02 1.192032225188803807e-01 8.022100164244011511e-02 1.005311152791432960e-01 7.797167322656825550e-02 7.797167322656789468e-02 4.414679774644654497e-02 4.414679774644746091e-02 3.382487548012171052e-02 3.382487548012171052e-02 3.181626008067823391e-02 0.000000000000000000e+00 0.000000000000000000e+00 0.000000000000000000e+00
7.979861438512485250e-02 -2.207807279601073702e+01 2.424937922117122169e-02 0.000000000000000000e+00 2.197171799567332329e-02 0.000000000000000000e+00 0.000000000000000000e+00 0.000000000000000000e+00 0.000000000000000000e+00 0.000000000000000000e+00 0.000000000000000000e+00 0.000000000000000000e+00 9.573513441959795658e-03 -1.022600694350969674e-01 -1.022600694350965372e-01 0.000000000000000000e+00
7.979861438512483862e-02 2.424937922117122169e-02 -2.207807279601073702e+01 0.000000000000000000e+00 2.197171799567331982e-02 0.000000000000000000e+00 0.000000000000000000e+00 0.000000000000000000e+00 0.000000000000000000e+00 0.000000000000000000e+00 0.000000000000000000e+00 0.000000000000000000e+00 9.573513441959792189e-03 0.000000000000000000e+00 0.000000000000000000e+00 -1.022600694350969674e-01
1.192032225188803807e-01 0.000000000000000000e+00 0.000000000000000000e+00 -2.046956648568310300e+01 1.237096631004171582e-01 1.311938311675198976e-01 -1.117146926259608847e-01 -1.117146926259600243e-01 -6.756789487951439521e-02 -6.756789487951439521e-02 -4.414679774644648252e-02 -4.414679774644736376e-02 0.000000000000000000e+00 -2.442332540263209700e-02 -2.442332540263216986e-02 -2.442332540263212476e-02
8.022100164244011511e-02 2.197171799567332329e-02 2.197171799567331982e-02 1.237096631004171582e-01 -2.061275538867113966e+01 0.000000000000000000e+00 -3.374301939939222672e-02 -3.374301939939222672e-02 -1.117146926259604961e-01 -1.117146926259601769e-01 7.797167322656826938e-02 7.797167322656819999e-02 1.311938311675198976e-01 0.000000000000000000e+00 0.000000000000000000e+00 0.000000000000000000e+00
1.005311152791432960e-01 0.000000000000000000e+00 0.000000000000000000e+00 1.311938311675198976e-01 0.000000000000000000e+00 -1.981602069279422551e+01 -3.374301939939339245e-02 -3.374301939939339245e-02 -1.117146926259598716e-01 -1.117146926259611484e-01 7.797167322656775590e-02 7.797167322656825550e-02 1.237096631004171582e-01 0.000000000000000000e+00 0.000000000000000000e+00 0.000000000000000000e+00
7.797167322656825550e-02 0.000000000000000000e+00 0.000000000000000000e+00 -1.117146926259608847e-01 -3.374301939939222672e-02 -3.374301939939339245e-02 -2.025267184861432668e+01 0.000000000000000000e+00 1.237096631004171027e-01 1.311938311675127089e-01 8.022100164244071185e-02 1.005311152791432683e-01 -1.117146926259600243e-01 0.000000000000000000e+00 7.150702124139875562e-03 0.000000000000000000e+00
7.797167322656789468e-02 0.000000000000000000e+00 0.000000000000000000e+00 -1.117146926259600243e-01 -3.374301939939222672e-02 -3.374301939939339245e-02 0.000000000000000000e+00 -2.025267184861433023e+01 1.311938311675210356e-01 1.237096631004170749e-01 1.005311152791426160e-01 8.022100164243965714e-02 -1.117146926259608847e-01 7.150702124139877297e-03 0.000000000000000000e+00 7.150702124139890307e-03
4.414679774644654497e-02 0.000000000000000000e+00 0.000000000000000000e+00 -6.756789487951439521e-02 -1.117146926259604961e-01 -1.117146926259598716e-01 1.237096631004171027e-01 1.311938311675210356e-01 -2.028240448293634657e+01 0.000000000000000000e+00 -1.192032225188805195e-01 -3.181626008067758860e-02 -6.756789487951439521e-02 0.000000000000000000e+00 0.000000000000000000e+00 0.000000000000000000e+00
4.414679774644746091e-02 0.000000000000000000e+00 0.000000000000000000e+00 -6.756789487951439521e-02 -1.117146926259601769e-01 -1.117146926259611484e-01 1.311938311675127089e-01 1.237096631004170749e-01 0.000000000000000000e+00 -2.028240448293635367e+01 -3.181626008067767880e-02 -1.192032225188801309e-01 -6.756789487951439521e-02 0.000000000000000000e+00 0.000000000000000000e+00 0.000000000000000000e+00
3.382487548012171052e-02 0.000000000000000000e+00 0.000000000000000000e+00 -4.414679774644648252e-02 7.797167322656826938e-02 7.797167322656775590e-02 8.022100164244071185e-02 1.005311152791426160e-01 -1.192032225188805195e-01 -3.181626008067767880e-02 -2.035655586028269681e+01 0.000000000000000000e+00 -4.414679774644736376e-02 7.150702124139875562e-03 0.000000000000000000e+00 7.150702124139901583e-03
3.382487548012171052e-02 0.000000000000000000e+00 0.000000000000000000e+00 -4.414679774644736376e-02 7.797167322656819999e-02 7.797167322656825550e-02 1.005311152791432683e-01 8.022100164243965714e-02 -3.181626008067758860e-02 -1.192032225188801309e-01 0.000000000000000000e+00 -2.035655586028270392e+01 -4.414679774644648252e-02 0.000000000000000000e+00 7.150702124139877297e-03 0.000000000000000000e+00
3.181626008067823391e-02 9.573513441959795658e-03 9.573513441959792189e-03 0.000000000000000000e+00 1.311938311675198976e-01 1.237096631004171582e-01 -1.117146926259600243e-01 -1.117146926259608847e-01 -6.756789487951439521e-02 -6.756789487951439521e-02 -4.414679774644736376e-02 -4.414679774644648252e-02 -1.998842728091435106e+01 0.000000000000000000e+00 0.000000000000000000e+00 0.000000000000000000e+00
0.000000000000000000e+00 -1.022600694350969674e-01 0.000000000000000000e+00 -2.442332540263209700e-02 0.000000000000000000e+00 0.000000000000000000e+00 0.000000000000000000e+00 7.150702124139877297e-03 0.000000000000000000e+00 0.000000000000000000e+00 7.150702124139875562e-03 0.000000000000000000e+00 0.000000000000000000e+00 -2.094567511074580324e+01 8.022100164243965714e-02 2.424937922117122169e-02
0.000000000000000000e+00 -1.022600694350965372e-01 0.000000000000000000e+00 -2.442332540263216986e-02 0.000000000000000000e+00 0.000000000000000000e+00 7.150702124139875562e-03 0.000000000000000000e+00 0.000000000000000000e+00 0.000000000000000000e+00 0.000000000000000000e+00 7.150702124139877297e-03 0.000000000000000000e+00 8.022100164243965714e-02 -2.094567511074580324e+01 0.000000000000000000e+00
0.000000000000000000e+00 0.000000000000000000e+00 -1.022600694350969674e-01 -2.442332540263212476e-02 0.000000000000000000e+00 0.000000000000000000e+00 0.000000000000000000e+00 7.150702124139890307e-03 0.000000000000000000e+00 0.000000000000000000e+00 7.150702124139901583e-03 0.000000000000000000e+00 0.000000000000000000e+00 2.424937922117122169e-02 0.000000000000000000e+00 -2.094567511074580324e+01
