counts=[1, 2, 3, 4, 5, 6, 7, 8, 9, 10, 11, 12, 13, 14, 15, 16, 17, 18, 19, 20, 21, 22, 23, 24, 25, 26, 27, 28, 29, 30, 31, 32, 33, 34, 35, 36, 37, 38, 39, 40, 41, 42, 43, 44, 45]
energies=[-74.9622443048985, -74.5620377315325, -74.56296220486534, -74.41012201815694, -74.56361820657418, -74.61917108420457, -74.91568382791495, -74.93725393456957, -74.9602207434389, -74.93950476580943, -74.9104642358332, -74.9778871569574, -74.97992198130125, -74.98328457630079, -74.97109893556625, -74.9802424892566, -74.97651435323176, -74.97952324321793, -74.9819393861674, -74.98199078667085, -74.98464061616602, -74.98278699458548, -74.98454516127391, -74.98332320513171, -74.98271628329013, -74.98283212599512, -74.98291026664185, -74.98225881849804, -74.98190661572895, -74.98407951560108, -74.98302326353928, -74.98389224616375, -74.9825979835936, -74.98223240455717, -74.98437666938146, -74.98244288116288, -74.98267951249238, -74.98287623465072, -74.9823633116763, -74.98277003099058, -74.9819437772465, -74.98492061628122, -74.9829721325504, -74.98395815413348, -74.9832062180388]
std_values=[0.0005717712327801884, 0.0020140833232151914, 0.002008619360436882, 0.002486514316251612, 0.0020074737781491723, 0.0023247371483228626, 0.0014981591127173387, 0.0008380856317618785, 0.0006484720201305909, 0.0007151015125319663, 0.0008412859309925634, 0.00067618604890011, 0.000800860128021458, 0.0008042063272513088, 0.0010439273822922292, 0.0007905466183410154, 0.000790738471801241, 0.0008445902606507742, 0.0007422331589745282, 0.0008557885266433033, 0.0007718609703940845, 0.0007847412587329704, 0.0007840920376475918, 0.0007365933140886845, 0.0008119796252682176, 0.0007883561141817903, 0.0007843427473011428, 0.0007986080090127312, 0.000797114044141441, 0.0007747322351057284, 0.0007854649052538745, 0.0007844740135254351, 0.0007885989401563235, 0.0007894028290597518, 0.0007843233543489411, 0.000795359802102845, 0.000783494256814825, 0.0007947060583065924, 0.0007990049928440361, 0.0007908455380198576, 0.0007902703272858409, 0.0007752824226077038, 0.0007903109322779205, 0.0007719317728453852, 0.0007932170013504605]
ci_ground_energy=-74.98246438333959