counts:[1, 2, 3, 4, 5, 6, 7, 8, 9, 10, 11, 12, 13, 14, 15, 16, 17, 18, 19, 20, 21, 22, 23, 24, 25, 26, 27, 28, 29, 30, 31, 32, 33, 34, 35, 36, 37, 38, 39, 40, 41, 42, 43, 44, 45, 46, 47, 48, 49, 50, 51, 52, 53, 54, 55, 56, 57, 58, 59, 60, 61, 62, 63, 64, 65, 66, 67, 68, 69, 70, 71]
 energies:[-227.8837293336162, -227.7289682076148, -227.6701008641844, -227.67016671041915, -227.6701008641844, -227.81822961080542, -227.9113402953178, -227.91265984908256, -227.89949611077031, -227.88143753202155, -227.85179851029147, -227.91496752012023, -227.91715905409256, -227.91971685848688, -227.91722492531818, -227.91951922562163, -227.9157203973977, -227.92068574198532, -227.92124279337395, -227.92090279305353, -227.92088313868413, -227.92062650588252, -227.92142967309456, -227.9211653537251, -227.92146381475465, -227.92143416516137, -227.92118170462396, -227.92164223441176, -227.92167650179653, -227.92160633976476, -227.92164097760423, -227.9216706507721, -227.9216989469861, -227.92167686064516, -227.92169843874484, -227.9216395491511, -227.9216985503341, -227.92168850150745, -227.9217011864394, -227.9217017523385, -227.92169861480966, -227.92169699192902, -227.92170450136086, -227.92170523901865, -227.92170726668468, -227.92170695853855, -227.92170679062326, -227.9217071976159, -227.9217082191529, -227.92170836842365, -227.9217063260378, -227.92170835661886, -227.92170829663178, -227.92170853751662, -227.92170839306078, -227.92170852913154, -227.92170826168962, -227.92170854650055, -227.9217085306737, -227.92170840838935, -227.92170856226358, -227.92170854365673, -227.92170855504605, -227.9217085535828, -227.9217085521388, -227.92170857167247, -227.921708574325, -227.92170857486082, -227.92170857493812, -227.9217085727791, -227.92170857274743]
 std_values:[0.0, 0.0, 0.0, 0.0, 0.0, 0.0, 0.0, 0.0, 0.0, 0.0, 0.0, 0.0, 0.0, 0.0, 0.0, 0.0, 0.0, 0.0, 0.0, 0.0, 0.0, 0.0, 0.0, 0.0, 0.0, 0.0, 0.0, 0.0, 0.0, 0.0, 0.0, 0.0, 0.0, 0.0, 0.0, 0.0, 0.0, 0.0, 0.0, 0.0, 0.0, 0.0, 0.0, 0.0, 0.0, 0.0, 0.0, 0.0, 0.0, 0.0, 0.0, 0.0, 0.0, 0.0, 0.0, 0.0, 0.0, 0.0, 0.0, 0.0, 0.0, 0.0, 0.0, 0.0, 0.0, 0.0, 0.0, 0.0, 0.0, 0.0, 0.0]
 ci_ground energy:-227.9217085751065