counts:[1, 2, 3, 4, 5, 6, 7, 8, 9, 10, 11, 12, 13, 14, 15, 16, 17, 18, 19, 20, 21, 22, 23, 24, 25, 26, 27, 28, 29, 30, 31, 32, 33, 34, 35, 36, 37, 38, 39, 40, 41, 42, 43, 44]
 energies:[-74.964112614884, -74.55544633893655, -74.5730179718276, -74.40851051989445, -74.54148152445966, -74.63501435498428, -74.9091380452958, -74.93784470773862, -74.95850723509712, -74.93844232099948, -74.91615956584467, -74.98435165850749, -74.98130143809415, -74.98436162810013, -74.96934856206329, -74.97916165413726, -74.98372724316492, -74.97267289957782, -74.9769682817453, -74.98194802750658, -74.97881437028215, -74.9824618635028, -74.97710299501787, -74.97629221325363, -74.98253650305458, -74.97822668812026, -74.97709958701051, -74.98265355454018, -74.97699941151404, -74.97834455020849, -74.97688722892293, -74.98296151235594, -74.97909896246672, -74.9762077637328, -74.98284948603943, -74.9800249964256, -74.97626129931675, -74.98047065843855, -74.97922019508732, -74.97806603139179, -74.978692966811, -74.98074322810864, -74.97983518368298, -74.9833620171587]
 std_values:[0.0018077638076864975, 0.0064068614651710066, 0.006298444649577473, 0.007850589702234446, 0.006472730923845816, 0.007291561565040509, 0.004779552692977359, 0.0025805271113987483, 0.001965492909199985, 0.002210954173402584, 0.002423789646915713, 0.0019832390600880313, 0.0024444568371298904, 0.0020281601590081957, 0.0028554529650232944, 0.002300770689146074, 0.0021211567732180186, 0.002001968364490207, 0.0021752254783082925, 0.0021851690954686016, 0.002157357465846859, 0.001978677027538774, 0.0022163456244134777, 0.0022077373087777247, 0.0020137101889736923, 0.0022652790454963877, 0.002238550211785657, 0.002135339328110372, 0.002287556489319416, 0.002254054248064361, 0.002171629239455392, 0.002015398028542386, 0.0021310656282460035, 0.0023256269059066777, 0.002105229151036414, 0.0020297915217895555, 0.0022200584618275667, 0.0021294787058435123, 0.002155377565165759, 0.0021848985908397164, 0.0021410113832936823, 0.002062494801349828, 0.002172112398463159, 0.0020506327267382466]
 ci_ground energy:-74.98246438333956