-8.676655004900789336e+00 1.277373258634713071e-01 3.918325701302256131e-02 3.918325701302252662e-02 1.690642011036491005e-02 1.136364688458790795e-08 1.136364688458790795e-08 2.198387640702499993e-02
1.277373258634713071e-01 -7.832183173970702406e+00 -2.344005087249919489e-02 -2.344005087249919836e-02 2.815213032625004178e-02 -3.549051456314177011e-02 -3.549051456314184644e-02 1.971814205996611641e-02
3.918325701302256131e-02 -2.344005087249919489e-02 -8.082756520358760355e+00 2.815213032625005565e-02 -1.050593382432291056e-01 -1.318484502874133282e-02 1.320323419155901568e-01 1.289559400858972943e-02
3.918325701302252662e-02 -2.344005087249919836e-02 2.815213032625005565e-02 -8.082756520358762131e+00 -1.050593382432291056e-01 1.320323419155901568e-01 -1.318484502874133456e-02 1.289559400858973290e-02
1.690642011036491005e-02 2.815213032625004178e-02 -1.050593382432291056e-01 -1.050593382432291056e-01 -8.041203642309710631e+00 6.563654885303124575e-02 6.563654885303124575e-02 4.130930812701591459e-02
1.136364688458790795e-08 -3.549051456314177011e-02 -1.318484502874133282e-02 1.320323419155901568e-01 6.563654885303124575e-02 -8.542655945323142319e+00 1.690642011036490658e-02 1.971410344121436384e-02
1.136364688458790795e-08 -3.549051456314184644e-02 1.320323419155901568e-01 -1.318484502874133456e-02 6.563654885303124575e-02 1.690642011036490658e-02 -8.542655945323142319e+00 1.971410344121436384e-02
2.198387640702499993e-02 1.971814205996611641e-02 1.289559400858972943e-02 1.289559400858973290e-02 4.130930812701591459e-02 1.971410344121436384e-02 1.971410344121436384e-02 -8.032478691948057303e+00
