-8.074196069928111896e+00 1.278591900257725900e-01 8.050785593153796105e-02 8.050785593153796105e-02 5.101788658201655835e-09 5.101788644323868027e-09 2.354689943029342203e-09 2.354689943029342203e-09
1.278591900257725900e-01 -7.894553229332020194e+00 -8.824600634130584653e-02 -8.824600634130584653e-02 9.209583224872616714e-02 9.209583224872619489e-02 -7.847374171656858188e-02 -7.847374171656855413e-02
8.050785593153796105e-02 -8.824600634130584653e-02 -7.825663610837615636e+00 7.282398051430190311e-02 -7.847374171656858188e-02 2.796614891498344635e-02 1.170700262972865224e-01 -2.865622754406652387e-02
8.050785593153796105e-02 -8.824600634130584653e-02 7.282398051430190311e-02 -7.825663610837613859e+00 2.796614891498344635e-02 -7.847374171656859576e-02 -2.865622754406654815e-02 1.170700262972865224e-01
5.101788658201655835e-09 9.209583224872616714e-02 -7.847374171656858188e-02 2.796614891498344635e-02 -8.035293063659707968e+00 1.278591900257726177e-01 -4.411031271892143502e-03 8.050785593153796105e-02
5.101788644323868027e-09 9.209583224872619489e-02 2.796614891498344635e-02 -7.847374171656859576e-02 1.278591900257726177e-01 -8.035293063659711521e+00 8.050785593153798880e-02 -4.411031271892143502e-03
2.354689943029342203e-09 -7.847374171656858188e-02 1.170700262972865224e-01 -2.865622754406654815e-02 -4.411031271892143502e-03 8.050785593153798880e-02 -7.950505707337093497e+00 7.863056007857249785e-02
2.354689943029342203e-09 -7.847374171656855413e-02 -2.865622754406652387e-02 1.170700262972865224e-01 8.050785593153796105e-02 -4.411031271892143502e-03 7.863056007857249785e-02 -7.950505707337095274e+00
