counts:[1, 2, 3, 4, 5, 6, 7, 8, 9, 10, 11, 12, 13, 14, 15, 16, 17, 18, 19, 20, 21, 22, 23, 24, 25, 26, 27, 28, 29, 30, 31, 32, 33, 34, 35, 36, 37, 38, 39, 40, 41, 42, 43, 44, 45, 46, 47, 48, 49, 50, 51, 52, 53, 54, 55, 56, 57, 58, 59, 60, 61, 62, 63, 64, 65, 66, 67, 68, 69, 70, 71, 72, 73, 74, 75, 76, 77, 78, 79, 80, 81, 82, 83, 84, 85, 86, 87, 88, 89, 90, 91, 92, 93, 94, 95, 96, 97, 98, 99, 100]
 energies:[-7.851953858032946, -7.640848985643363, -7.8141278885756655, -7.472510859789677, -7.676504404784472, -7.676504404784472, -7.640848985643364, -7.472510859789677, -7.640848985643363, -7.8141278885756655, -7.578046507537909, -7.818428616714723, -7.844574298725512, -7.849743024400361, -7.836151398697911, -7.8498751162764595, -7.843697138199085, -7.8521828735079, -7.823369533410059, -7.852101289467019, -7.8326478395170405, -7.861538539826762, -7.849843899453234, -7.858771117260165, -7.861141064967459, -7.860628462826918, -7.8615677524501635, -7.859223186321925, -7.8523774931533, -7.865219018699545, -7.865048799933197, -7.865664415543822, -7.867403455893905, -7.86765297588569, -7.867425030807251, -7.865111224990645, -7.867389508026157, -7.867612081979436, -7.867565528567717, -7.867226385193929, -7.867429030458293, -7.867682082254381, -7.867530082799428, -7.867866284415902, -7.867923821952289, -7.867860484108723, -7.867834954104946, -7.868050239667868, -7.868048474771895, -7.868048493320222, -7.86806812841991, -7.868074758562749, -7.8679487138782545, -7.868185586389661, -7.868194695764661, -7.868232877789344, -7.868301397214454, -7.868265469121681, -7.868261036487187, -7.868344408799111, -7.8682948737789395, -7.868333982369897, -7.868293113277685, -7.868344257253998, -7.868300893320919, -7.86834819606257, -7.868285852242424, -7.868314552450707, -7.8682309108630815, -7.868318357497619, -7.868354546369318, -7.868361020720096, -7.868367363851702, -7.8683820904221236, -7.868370078804304, -7.8684079966924205, -7.868383551893162, -7.868406453049454, -7.868408274549038, -7.8684091574647095, -7.868413714919505, -7.868417855229453, -7.868413677459426, -7.8684117520643095, -7.8684079397171125, -7.868373003472193, -7.8684274115485096, -7.868422496856661, -7.868427637949948, -7.868437704774992, -7.8684393198141045, -7.868440369583858, -7.86844119883779, -7.868442392296068, -7.8684451505862185, -7.868447290069039, -7.868441972814695, -7.868456838466491, -7.868459432065338, -7.868460197916281]
 std_values:[0.0, 0.0, 0.0, 0.0, 0.0, 0.0, 0.0, 0.0, 0.0, 0.0, 0.0, 0.0, 0.0, 0.0, 0.0, 0.0, 0.0, 0.0, 0.0, 0.0, 0.0, 0.0, 0.0, 0.0, 0.0, 0.0, 0.0, 0.0, 0.0, 0.0, 0.0, 0.0, 0.0, 0.0, 0.0, 0.0, 0.0, 0.0, 0.0, 0.0, 0.0, 0.0, 0.0, 0.0, 0.0, 0.0, 0.0, 0.0, 0.0, 0.0, 0.0, 0.0, 0.0, 0.0, 0.0, 0.0, 0.0, 0.0, 0.0, 0.0, 0.0, 0.0, 0.0, 0.0, 0.0, 0.0, 0.0, 0.0, 0.0, 0.0, 0.0, 0.0, 0.0, 0.0, 0.0, 0.0, 0.0, 0.0, 0.0, 0.0, 0.0, 0.0, 0.0, 0.0, 0.0, 0.0, 0.0, 0.0, 0.0, 0.0, 0.0, 0.0, 0.0, 0.0, 0.0, 0.0, 0.0, 0.0, 0.0, 0.0]
 ci_ground energy:-7.868481480322114