-1.696227149411541291e+01 1.384520332279341182e-01 -9.475080263386775892e-02 -9.475080263386777280e-02 -1.159038476306051280e-08 -1.159038470754936156e-08 5.742298134799398573e-02 5.283450315529652358e-02 5.283450315529655827e-02 0.000000000000000000e+00 -6.540406600986116425e-02 -6.540406600986116425e-02 2.934673662400659466e-02 2.934673662400659466e-02 5.407860498296557239e-08 5.407860498296557239e-08
1.384520332279341182e-01 -1.671074145059370153e+01 1.153258402733171040e-01 1.153258402733171040e-01 -1.075765725619881596e-01 -1.075765725619881735e-01 0.000000000000000000e+00 0.000000000000000000e+00 0.000000000000000000e+00 5.742298134799398573e-02 4.992177426345595359e-02 4.992177426345595359e-02 -6.540406600986115038e-02 -6.540406600986116425e-02 -9.949129484900402776e-02 -9.949129484900405551e-02
-9.475080263386775892e-02 1.153258402733171040e-01 -1.653194932574784914e+01 0.000000000000000000e+00 0.000000000000000000e+00 -5.700849362729043524e-02 1.153258402733171040e-01 0.000000000000000000e+00 0.000000000000000000e+00 -9.475080263386777280e-02 1.246073465228295929e-01 1.111041195795973435e-01 -1.012677449954325209e-01 -9.769608234212183440e-02 -8.158969160659890196e-02 0.000000000000000000e+00
-9.475080263386777280e-02 1.153258402733171040e-01 0.000000000000000000e+00 -1.653194932574784914e+01 -5.700849362729043524e-02 0.000000000000000000e+00 1.153258402733171040e-01 0.000000000000000000e+00 0.000000000000000000e+00 -9.475080263386775892e-02 1.111041195795973713e-01 1.246073465228295929e-01 -9.769608234212180664e-02 -1.012677449954325209e-01 0.000000000000000000e+00 -8.158969160659890196e-02
-1.159038476306051280e-08 -1.075765725619881596e-01 0.000000000000000000e+00 -5.700849362729043524e-02 -1.677506600720340657e+01 1.012677449954325209e-01 1.573772093169824651e-02 -4.317943819598173832e-02 -4.317943819598176608e-02 0.000000000000000000e+00 -9.949129484900405551e-02 1.792403558686781959e-02 -2.455876563484576947e-02 0.000000000000000000e+00 2.057503763944933117e-02 -9.475080263386775892e-02
-1.159038470754936156e-08 -1.075765725619881735e-01 -5.700849362729043524e-02 0.000000000000000000e+00 1.012677449954325209e-01 -1.677506600720340657e+01 1.573772093169823957e-02 -4.317943819598174526e-02 -4.317943819598177996e-02 0.000000000000000000e+00 1.792403558686780918e-02 -9.949129484900404163e-02 0.000000000000000000e+00 -2.455876563484582498e-02 -9.475080263386777280e-02 2.057503763944933117e-02
5.742298134799398573e-02 0.000000000000000000e+00 1.153258402733171040e-01 1.153258402733171040e-01 1.573772093169824651e-02 1.573772093169823957e-02 -1.632241625287432285e+01 1.837467217306537962e-02 1.837467217306539696e-02 1.384520332279341182e-01 4.992177426345592584e-02 4.992177426345592584e-02 -6.540406600986116425e-02 -6.540406600986116425e-02 1.792403558686781612e-02 1.792403558686782999e-02
5.283450315529652358e-02 0.000000000000000000e+00 0.000000000000000000e+00 0.000000000000000000e+00 -4.317943819598173832e-02 -4.317943819598174526e-02 1.837467217306537962e-02 -1.641063322226311882e+01 2.424937922117114189e-02 0.000000000000000000e+00 0.000000000000000000e+00 0.000000000000000000e+00 0.000000000000000000e+00 0.000000000000000000e+00 0.000000000000000000e+00 0.000000000000000000e+00
5.283450315529655827e-02 0.000000000000000000e+00 0.000000000000000000e+00 0.000000000000000000e+00 -4.317943819598176608e-02 -4.317943819598177996e-02 1.837467217306539696e-02 2.424937922117114189e-02 -1.641063322226311882e+01 0.000000000000000000e+00 0.000000000000000000e+00 0.000000000000000000e+00 0.000000000000000000e+00 0.000000000000000000e+00 0.000000000000000000e+00 0.000000000000000000e+00
0.000000000000000000e+00 5.742298134799398573e-02 -9.475080263386777280e-02 -9.475080263386775892e-02 0.000000000000000000e+00 0.000000000000000000e+00 1.384520332279341182e-01 0.000000000000000000e+00 0.000000000000000000e+00 -1.615411665124202756e+01 -6.540406600986115038e-02 -6.540406600986115038e-02 2.934673662400659466e-02 2.934673662400659466e-02 0.000000000000000000e+00 0.000000000000000000e+00
-6.540406600986116425e-02 4.992177426345595359e-02 1.246073465228295929e-01 1.111041195795973713e-01 -9.949129484900405551e-02 1.792403558686780918e-02 4.992177426345592584e-02 0.000000000000000000e+00 0.000000000000000000e+00 -6.540406600986115038e-02 -1.653503813850947779e+01 0.000000000000000000e+00 1.384520332279341182e-01 5.742298134799397186e-02 -1.075765725619881596e-01 1.573772093169824998e-02
-6.540406600986116425e-02 4.992177426345595359e-02 1.111041195795973435e-01 1.246073465228295929e-01 1.792403558686781959e-02 -9.949129484900404163e-02 4.992177426345592584e-02 0.000000000000000000e+00 0.000000000000000000e+00 -6.540406600986115038e-02 0.000000000000000000e+00 -1.653503813850947068e+01 5.742298134799398573e-02 1.384520332279341182e-01 1.573772093169822917e-02 -1.075765725619881458e-01
2.934673662400659466e-02 -6.540406600986115038e-02 -1.012677449954325209e-01 -9.769608234212180664e-02 -2.455876563484576947e-02 0.000000000000000000e+00 -6.540406600986116425e-02 0.000000000000000000e+00 0.000000000000000000e+00 2.934673662400659466e-02 1.384520332279341182e-01 5.742298134799398573e-02 -1.657178577727434643e+01 0.000000000000000000e+00 -1.024916002369102852e-02 0.000000000000000000e+00
2.934673662400659466e-02 -6.540406600986116425e-02 -9.769608234212183440e-02 -1.012677449954325209e-01 0.000000000000000000e+00 -2.455876563484582498e-02 -6.540406600986116425e-02 0.000000000000000000e+00 0.000000000000000000e+00 2.934673662400659466e-02 5.742298134799397186e-02 1.384520332279341182e-01 0.000000000000000000e+00 -1.657178577727434643e+01 0.000000000000000000e+00 -1.024916002369102852e-02
5.407860498296557239e-08 -9.949129484900402776e-02 -8.158969160659890196e-02 0.000000000000000000e+00 2.057503763944933117e-02 -9.475080263386777280e-02 1.792403558686781612e-02 0.000000000000000000e+00 0.000000000000000000e+00 0.000000000000000000e+00 -1.075765725619881596e-01 1.573772093169822917e-02 -1.024916002369102852e-02 0.000000000000000000e+00 -1.667599856751886733e+01 9.769608234212183440e-02
5.407860498296557239e-08 -9.949129484900405551e-02 0.000000000000000000e+00 -8.158969160659890196e-02 -9.475080263386775892e-02 2.057503763944933117e-02 1.792403558686782999e-02 0.000000000000000000e+00 0.000000000000000000e+00 0.000000000000000000e+00 1.573772093169824998e-02 -1.075765725619881458e-01 0.000000000000000000e+00 -1.024916002369102852e-02 9.769608234212183440e-02 -1.667599856751886733e+01
