counts:[1, 2, 3, 4, 5, 6, 7, 8, 9, 10, 11, 12, 13, 14, 15, 16, 17, 18, 19, 20, 21, 22, 23, 24, 25, 26, 27, 28, 29, 30, 31, 32, 33, 34, 35, 36, 37, 38, 39, 40, 41, 42, 43, 44, 45, 46, 47, 48, 49, 50, 51, 52, 53, 54, 55, 56, 57, 58, 59, 60, 61, 62, 63, 64, 65, 66, 67, 68, 69, 70, 71, 72, 73, 74, 75, 76, 77, 78, 79, 80]
 energies:[-7.814524369054151, -7.643809094116412, -7.7600559366490085, -7.5027796414910775, -7.627039420655095, -7.635185151443222, -7.6251985796033335, -7.480289618905587, -7.629657976589417, -7.754979601096583, -7.637790755551926, -7.805882692699118, -7.798350885103584, -7.812054435171435, -7.792308335274864, -7.814327781941191, -7.7980405327210764, -7.795717901107029, -7.782579710206333, -7.783783648254186, -7.790596067984474, -7.805086510692124, -7.7856032420307155, -7.8126921601762405, -7.804449633065445, -7.78830568499566, -7.806572266997319, -7.806992711416655, -7.803533885602349, -7.801622327511977, -7.80864569254407, -7.810829434134288, -7.811271567371515, -7.806536406062506, -7.806413944415498, -7.796692276151008, -7.802066153100174, -7.809179859352952, -7.79525039317266, -7.806919541942673, -7.804130630246492, -7.809118706816973, -7.8058068862577645, -7.784479624707034, -7.795668901718551, -7.79873421852874, -7.815045618919049, -7.812221185448683, -7.79575492769991, -7.808578079169012, -7.795914091828767, -7.812880860306578, -7.810651495800721, -7.797749259833896, -7.806984497080419, -7.804349021416181, -7.805113747521586, -7.8003966969723795, -7.806312538846713, -7.812798812282317, -7.791815131215534, -7.809668330317187, -7.79743011314434, -7.806602622445002, -7.796964379432726, -7.807297115065056, -7.809558930693866, -7.810108804769856, -7.799832717472857, -7.793129767981508, -7.802137720811594, -7.7962303933275034, -7.80864814707807, -7.803221711670124, -7.8092960363009905, -7.80217049777319, -7.803138516606662, -7.788337113748543, -7.805035310107035, -7.804878578189056]
 std_values:[0.0015494386966439632, 0.0020974819930422825, 0.0018970992572881046, 0.0028509462287093024, 0.002157149339010116, 0.0025015947833147843, 0.002035676153255284, 0.002858435786797358, 0.0021108620747116004, 0.0020226896897920805, 0.002895197968221594, 0.002065122692973814, 0.0016703138986444805, 0.0016191341194281533, 0.001700276376510412, 0.0015744841597644893, 0.001697328402685894, 0.0017034477521611945, 0.0017023305428622122, 0.001775058437350236, 0.0016959188495917277, 0.0016762115343151892, 0.0017060711474580679, 0.001652138873335788, 0.0016671005020163414, 0.0017755343774182584, 0.0016511657615499204, 0.0016029377267807623, 0.001684182135256708, 0.0016822615159661845, 0.0015896393360027422, 0.0016263297343295261, 0.001611696280559928, 0.0016147085962851231, 0.001593275964283271, 0.0016981823058860764, 0.0016567759081698335, 0.001563756986074732, 0.00169661973457852, 0.0016137171897115908, 0.0015774060608342562, 0.0015547580236455081, 0.0015714643151790318, 0.0017918304548739626, 0.0016615953827153521, 0.0016327721583266578, 0.0015695561783393742, 0.001584178542332976, 0.0017251113094620453, 0.0016018603577189299, 0.0017265721154294048, 0.0014813429297636576, 0.0015331373582986186, 0.0016686818333854435, 0.001578332708397365, 0.0015944328224045394, 0.001626424823800583, 0.0017117439330528862, 0.0016157326762400142, 0.0015976610445519346, 0.0017350192132931305, 0.0015792217308921153, 0.0016722154699837012, 0.0016366688064113177, 0.0016835059443600646, 0.00164164697627367, 0.001575427105136759, 0.001570933125858344, 0.001617835457821059, 0.0016541607524907086, 0.0016109204232971986, 0.0016586266964030165, 0.0016079792894488924, 0.0016159851321959865, 0.0016057926483648978, 0.0016195599968827263, 0.0015665696495945295, 0.0017209150672662186, 0.0015734113739037184, 0.0015631910252132503]
 ci_ground energy:-7.881566899421189