-9.753847202502084812e+00 1.222832064549485009e-01 3.077116064646872803e-02 3.077116064646873844e-02 -2.516100593793223900e-02 -2.516100593793220083e-02 -9.334594208709745544e-11 -9.334594208709745544e-11
1.222832064549485009e-01 -8.579437804518573074e+00 1.119353275029323636e-02 1.119353275029322421e-02 1.958813762556231575e-02 1.958813762556231575e-02 -2.691698836385379018e-02 -2.691698836385375201e-02
3.077116064646872803e-02 1.119353275029323636e-02 -9.248355503628145513e+00 1.686913951369109141e-02 -7.342601312942507660e-03 -7.342601312942502456e-03 2.084251234873921166e-02 2.084251234873921513e-02
3.077116064646873844e-02 1.119353275029322421e-02 1.686913951369109141e-02 -9.248355503628149066e+00 -7.342601312942511130e-03 -7.342601312942505926e-03 2.084251234873922207e-02 2.084251234873922554e-02
-2.516100593793223900e-02 1.958813762556231575e-02 -7.342601312942507660e-03 -7.342601312942511130e-03 -9.039641160001146147e+00 2.714120922145120060e-02 3.443521492292433983e-03 -1.159773445229941302e-01
-2.516100593793220083e-02 1.958813762556231575e-02 -7.342601312942502456e-03 -7.342601312942505926e-03 2.714120922145120060e-02 -9.039641160001147924e+00 -1.159773445229941302e-01 3.443521492292383676e-03
-9.334594208709745544e-11 -2.691698836385379018e-02 2.084251234873921166e-02 2.084251234873922207e-02 3.443521492292433983e-03 -1.159773445229941302e-01 -9.648276914873717303e+00 9.415474521948742972e-03
-9.334594208709745544e-11 -2.691698836385375201e-02 2.084251234873921513e-02 2.084251234873922554e-02 -1.159773445229941302e-01 3.443521492292383676e-03 9.415474521948742972e-03 -9.648276914873717303e+00
