counts:[1, 2, 3, 4, 5, 6, 7, 8, 9, 10, 11, 12, 13, 14, 15, 16, 17, 18, 19, 20, 21, 22, 23]
 energies:[-77.0789721364579, -76.78993650031813, -77.06181664536862, -77.11315987910055, -77.05822123009804, -77.09707092164922, -77.11319732025669, -77.10752635219441, -77.11354293418142, -77.11308263725621, -77.1120918557335, -77.11388771249736, -77.11359448559887, -77.11530022187017, -77.11767322665307, -77.11854537397096, -77.11427119159598, -77.11234944074619, -77.1126682534589, -77.11136117764332, -77.11655970618563, -77.11635008469474, -77.11540177356082]
 std_values:[0.0012324632427056963, 0.002016792879666856, 0.0020801491090518616, 0.0015745055088222275, 0.0020944551390838185, 0.0018532340237373, 0.001429284971441262, 0.0013638655670709854, 0.001456902627550567, 0.0015035826331568345, 0.001486857735890125, 0.001441658003633993, 0.0014365558704782697, 0.001415235950792982, 0.001404889341196076, 0.0013939119048244724, 0.0014314758850745828, 0.0014218389282127093, 0.0014434174148341562, 0.0014560063706140695, 0.0014234548957443114, 0.0014368033303994688, 0.0014342436976525173]
 ci_ground energy:-77.11518489685602