counts:[1, 2, 3, 4, 5, 6, 7, 8, 9, 10, 11, 12, 13, 14, 15, 16, 17, 18, 19, 20, 21, 22]
 energies:[-1.1111235196509068, -0.6227927301028945, -0.9342896800275812, -1.1118797554814033, -1.0542077869672992, -1.130362128661159, -1.1294959741191501, -1.1320976096387607, -1.1330744457227144, -1.1349544424274343, -1.127548204320266, -1.1259577246207737, -1.1312437508671258, -1.1341816450929474, -1.1329378998512323, -1.1346834925602591, -1.130972409703328, -1.131789311639476, -1.1331389549820337, -1.1312474126670744, -1.1363330129041542, -1.1286283621776354]
 std_values:[0.001315939836470613, 0.00434683194188404, 0.004347955098290904, 0.002684379044889753, 0.003513169720430433, 0.002209145638069719, 0.001843573901458723, 0.0020198734940707914, 0.0018052732807213358, 0.0015720623125519105, 0.0014649424689219435, 0.0015924007000324742, 0.0016658982457256972, 0.0015129520873187, 0.0015840273443916398, 0.0015901442657622596, 0.0016369148186077473, 0.0016029291063680833, 0.0016046604609201395, 0.0016381795240301717, 0.0015325328102802117, 0.0016671196936545699]
 ci_ground energy:-1.1341476666428463