counts:[1, 2, 3, 4, 5, 6, 7, 8, 9, 10, 11, 12, 13, 14, 15, 16, 17, 18, 19, 20, 21, 22, 23, 24, 25, 26, 27, 28, 29, 30, 31, 32, 33, 34, 35, 36, 37, 38, 39, 40, 41, 42, 43, 44, 45, 46]
 energies:[-7.863475719789893, -7.676796881158532, -7.671549848393912, -7.522947016203137, -7.665534979306155, -7.696000355594821, -7.837604218852336, -7.844263822992435, -7.855235967300066, -7.832037178902654, -7.849047508394166, -7.871957993739123, -7.856784346341026, -7.863082908595148, -7.866669485352544, -7.874195223450645, -7.866687537786939, -7.874474025364565, -7.8686096364029865, -7.873603638840869, -7.870609175263601, -7.875088478652632, -7.871643321000176, -7.855454441788233, -7.871293516974454, -7.868704057990364, -7.872723364472623, -7.879988071770779, -7.870431517791987, -7.878356237322691, -7.8762695837084795, -7.877225538381046, -7.872458849248163, -7.88314735079004, -7.880728222870005, -7.877757927616777, -7.878720317200081, -7.879751001054247, -7.8814825092683325, -7.8659702743628035, -7.865934411655001, -7.8589364345012065, -7.867748810937057, -7.865159327386348, -7.874487759934382, -7.867332391260213]
 std_values:[0.0009756918673818171, 0.002316580484162318, 0.0023254128149572417, 0.003243667507566095, 0.0023586350112963016, 0.002973095372322886, 0.0020792522777357634, 0.001341863396107096, 0.0011866388841719135, 0.0012802047918821018, 0.0011171361354666944, 0.001172954993026987, 0.0013594011103725402, 0.0012884410891225114, 0.0013086049794456868, 0.0011071555585872703, 0.0012437550513155523, 0.0010551967027517142, 0.0011621365983778766, 0.0011362755283695978, 0.001145131179565707, 0.0011102234593604792, 0.0011616491225028363, 0.0013487384785308336, 0.0011618361054196475, 0.0011657392558264193, 0.0011631005080337184, 0.0010169018172110158, 0.001173374159017253, 0.00101700024242646, 0.0011123421638821224, 0.001030950319226517, 0.0011414129681600448, 0.0009429469689114327, 0.0009431650881950608, 0.0011036671034010557, 0.0010208361037649485, 0.001032206062243132, 0.0010380932195389165, 0.001253402761208531, 0.0012624432771936136, 0.0013521887317187954, 0.0012182491705472677, 0.001268385504618054, 0.0011524862779097483, 0.0012170670558016494]
 ci_ground energy:-7.880197675259218