-8.334054385726989977e+00 6.245183298897420687e-02 6.245183298897417218e-02 1.301394146020675713e-01 4.149532503932804040e-02 -1.670635281017518459e-07 -1.670635281086907398e-07 -1.124244125849660492e-07
6.245183298897420687e-02 -7.959086085613336081e+00 4.619425329133721586e-02 -3.596275224839955154e-02 -1.189272610978031608e-01 -3.512527065416974625e-02 1.073343155910760349e-01 2.536787892706032083e-02
6.245183298897417218e-02 4.619425329133721586e-02 -7.959086085613336081e+00 -3.596275224839954460e-02 -1.189272610978031608e-01 1.073343155910760349e-01 -3.512527065416973238e-02 -4.951685540453675677e-02
1.301394146020675713e-01 -3.596275224839955154e-02 -3.596275224839954460e-02 -7.854558010491054176e+00 4.619425329133722974e-02 -4.951685540453676371e-02 -4.951685540453671514e-02 3.840150048276549932e-02
4.149532503932804040e-02 -1.189272610978031608e-01 -1.189272610978031608e-01 4.619425329133722974e-02 -7.875783378237107613e+00 9.542356186808975682e-02 9.542356186808975682e-02 -3.512527065416975319e-02
-1.670635281017518459e-07 -3.512527065416974625e-02 1.073343155910760349e-01 -4.951685540453676371e-02 9.542356186808975682e-02 -8.252050112100530299e+00 4.149532503932805427e-02 -1.008103542128874902e-02
-1.670635281086907398e-07 1.073343155910760349e-01 -3.512527065416973238e-02 -4.951685540453671514e-02 9.542356186808975682e-02 4.149532503932805427e-02 -8.252050112100532075e+00 6.245183298897420687e-02
-1.124244125849660492e-07 2.536787892706032083e-02 -4.951685540453675677e-02 3.840150048276549932e-02 -3.512527065416975319e-02 -1.008103542128874902e-02 6.245183298897420687e-02 -8.108525845907077922e+00
