counts:[1, 2, 3, 4, 5, 6, 7, 8, 9, 10, 11, 12, 13, 14, 15, 16, 17, 18, 19, 20]
 energies:[-1.116283997191084, -0.6512656717149817, -0.9207642478557095, -1.1058191354457643, -1.0579175669776202, -1.1324863075280795, -1.1328118198245134, -1.1314181193239672, -1.1352439281357865, -1.1351198560371878, -1.1316094297556352, -1.131645807492562, -1.132616965689801, -1.1336530176645971, -1.1303363242783924, -1.1367602329824247, -1.1305858188718445, -1.1330875207612414, -1.1321166870729815, -1.1319382066139525]
 std_values:[0.0013049430104013745, 0.004231730424658881, 0.004414355210259395, 0.002811352022013581, 0.0016246973670869624, 0.0014833455145266165, 0.0018788353899761448, 0.0020908704881101906, 0.0017511827167706285, 0.0016434450724650928, 0.0018506764777035181, 0.0018013048971314144, 0.0018311040738019674, 0.0017851165127827351, 0.0018377600543781013, 0.0017331410635868759, 0.0018226955132966908, 0.0018223240898031258, 0.0018099966576493208, 0.001821073980246361]
 ci_ground energy:-1.1341476666428463