-8.575737701477921249e+00 1.302121650045690027e-01 4.348187306386028239e-02 4.348187306386028933e-02 2.060504958356039126e-02 -3.114362726042152474e-09 -3.114362726042152474e-09 2.131682147454801168e-02
1.302121650045690027e-01 -7.847489847500764171e+00 -2.449966048243152478e-02 -2.449966048243152478e-02 3.061382768698142284e-02 -3.865814430613146585e-02 -3.865814430613147279e-02 1.932529293587836178e-02
4.348187306386028239e-02 -2.449966048243152478e-02 -8.050276898563907935e+00 3.061382768698144366e-02 -1.074619807013895839e-01 -1.669163819512187868e-02 1.275449293804370998e-01 1.212251549352290694e-02
4.348187306386028933e-02 -2.449966048243152478e-02 3.061382768698144366e-02 -8.050276898563909711e+00 -1.074619807013895839e-01 1.275449293804370998e-01 -1.669163819512188909e-02 1.212251549352290347e-02
2.060504958356039126e-02 3.061382768698142284e-02 -1.074619807013895839e-01 -1.074619807013895839e-01 -7.978963011878729361e+00 7.261837578849152097e-02 7.261837578849152097e-02 4.136880161967701475e-02
-3.114362726042152474e-09 -3.865814430613146585e-02 -1.669163819512187868e-02 1.275449293804370998e-01 7.261837578849152097e-02 -8.455435288218797751e+00 2.060504958356040861e-02 2.020107296162169247e-02
-3.114362726042152474e-09 -3.865814430613147279e-02 1.275449293804370998e-01 -1.669163819512188909e-02 7.261837578849152097e-02 2.060504958356040861e-02 -8.455435288218795975e+00 2.020107296162169247e-02
2.131682147454801168e-02 1.932529293587836178e-02 1.212251549352290694e-02 1.212251549352290347e-02 4.136880161967701475e-02 2.020107296162169247e-02 2.020107296162169247e-02 -7.948548374032388786e+00
