counts:[1, 2, 3, 4, 5, 6, 7, 8, 9, 10, 11, 12, 13, 14, 15, 16, 17, 18, 19, 20, 21, 22, 23]
 energies:[-1.1011282423609565, -0.5007449495496703, -0.793123541341826, -1.0634673455843822, -1.0274312087321031, -1.1150791441436736, -1.1133945069522493, -1.1161953571921803, -1.1133945069522493, -1.1152842396966278, -1.116283619834971, -1.1161269697481366, -1.1162359078938497, -1.1162845149228002, -1.1162792222017368, -1.1162857262184787, -1.1162859808024097, -1.1162852786743505, -1.1162857493273581, -1.1162860068481812, -1.116285973099449, -1.1162860002546884, -1.1162860034098214]
 std_values:[0.0, 0.0, 0.0, 0.0, 0.0, 0.0, 0.0, 0.0, 0.0, 0.0, 0.0, 0.0, 0.0, 0.0, 0.0, 0.0, 0.0, 0.0, 0.0, 0.0, 0.0, 0.0, 0.0]
 ci_ground energy:-1.1162860069722225