-6.718915864923660308e+01 1.355401489402080217e-01 1.355080987290639694e-01 9.538386623306360779e-02 -6.876475375211300867e-02 -6.876475375211295316e-02 7.589280271497279851e-02 7.589280271497284014e-02 -7.589632887114425297e-02 -7.589632887114422521e-02 5.393148395179575560e-02 5.394503141022035514e-02 5.018558686444637984e-02 5.018558686444644229e-02 4.413055492212727277e-02 4.410891399030565652e-02 -3.213014875348052524e-02 -3.213014875348053218e-02 3.886170027719969972e-02 3.886170027719971359e-02 -3.885214520298924806e-02 -3.885214520298926888e-02 3.457360421442393777e-02 2.933457924614611342e-02 2.933457924614604750e-02 -2.933294975898708204e-02 -2.933294975898703347e-02 2.635191549861570087e-02 2.635191549861567312e-02 -2.634194372724907654e-02 -2.634194372724904878e-02 2.632183675388265198e-02 2.632183675388262423e-02 2.629224718421527968e-02 2.629224718421525539e-02 5.243577661446921501e-02 5.243149456377547285e-02 3.464162279651437915e-02 3.460776667818896146e-02 -1.568138951257846622e-02 -1.568138951257841418e-02 1.566097928783078200e-02 1.566097928783078547e-02 1.845570184713252529e-02 1.845570184713255305e-02 1.844304835731617326e-02 1.844304835731612816e-02 1.844394540952084063e-02 1.844394540952083023e-02 -1.843926982809749454e-02 -1.843926982809748413e-02 -9.452778559904118083e-10 -9.452778559904118083e-10 -3.663460499863248343e-02 -3.663460499863248343e-02 3.704418366815500491e-02 3.704418366815500491e-02 -3.703110243777309879e-02 -3.703110243777309879e-02 0.000000000000000000e+00 -1.441490722094581137e-02 -1.441490722094583565e-02 -1.440814053217072746e-02 -1.440814053217073613e-02
1.355401489402080217e-01 -6.549592044385450151e+01 0.000000000000000000e+00 0.000000000000000000e+00 -3.251050295029862813e-02 -3.251050295029862813e-02 -1.905001719509896718e-02 -1.905001719509896718e-02 0.000000000000000000e+00 0.000000000000000000e+00 9.798244279552273395e-02 0.000000000000000000e+00 0.000000000000000000e+00 0.000000000000000000e+00 0.000000000000000000e+00 3.049201435924126305e-02 3.625425080181426951e-02 3.625425080181426951e-02 -9.494281991007177957e-02 -9.494281991007183508e-02 0.000000000000000000e+00 0.000000000000000000e+00 0.000000000000000000e+00 1.494818551483710969e-02 1.494818551483710969e-02 0.000000000000000000e+00 0.000000000000000000e+00 -2.419940022871690938e-02 -2.419940022871689897e-02 0.000000000000000000e+00 0.000000000000000000e+00 0.000000000000000000e+00 0.000000000000000000e+00 0.000000000000000000e+00 0.000000000000000000e+00 1.235823958648402804e-01 0.000000000000000000e+00 4.330549688161908911e-02 4.062796837417114587e-02 0.000000000000000000e+00 0.000000000000000000e+00 -1.438639373130887883e-02 -1.438639373130886842e-02 0.000000000000000000e+00 0.000000000000000000e+00 9.383626675174283616e-04 9.383626675174266268e-04 0.000000000000000000e+00 0.000000000000000000e+00 0.000000000000000000e+00 0.000000000000000000e+00 0.000000000000000000e+00 0.000000000000000000e+00 -6.876475375211289764e-02 -6.876475375211296703e-02 0.000000000000000000e+00 0.000000000000000000e+00 -7.589280271497286789e-02 -7.589280271497279851e-02 1.355080987290639694e-01 0.000000000000000000e+00 0.000000000000000000e+00 1.848251757488899921e-03 1.848251757488898403e-03
1.355080987290639694e-01 0.000000000000000000e+00 -6.549486064079705727e+01 0.000000000000000000e+00 -3.251050295029869058e-02 -3.251050295029869058e-02 0.000000000000000000e+00 0.000000000000000000e+00 1.906814494086840617e-02 1.906814494086840617e-02 0.000000000000000000e+00 9.799093464363158035e-02 0.000000000000000000e+00 0.000000000000000000e+00 3.049373737658957542e-02 0.000000000000000000e+00 3.625425080181425563e-02 3.625425080181426257e-02 0.000000000000000000e+00 0.000000000000000000e+00 9.496447381201260363e-02 9.496447381201263138e-02 0.000000000000000000e+00 0.000000000000000000e+00 0.000000000000000000e+00 -1.493123897858014693e-02 -1.493123897858014693e-02 0.000000000000000000e+00 0.000000000000000000e+00 -4.064794294577999539e-02 -4.064794294577989825e-02 -4.555663390097383636e-02 -4.555663390097378085e-02 -1.926438671675850464e-02 -1.926438671675850464e-02 0.000000000000000000e+00 1.236137554815334438e-01 4.062796837417110424e-02 4.330549688161909605e-02 1.440171078040695073e-02 1.440171078040686226e-02 0.000000000000000000e+00 0.000000000000000000e+00 -1.309277380602615233e-02 -1.309277380602617835e-02 0.000000000000000000e+00 0.000000000000000000e+00 5.351171603494686568e-03 5.351171603494686568e-03 -8.660742389586756004e-03 -8.660742389586752535e-03 0.000000000000000000e+00 0.000000000000000000e+00 -6.876475375211295316e-02 -6.876475375211300867e-02 7.589632887114422521e-02 7.589632887114421134e-02 0.000000000000000000e+00 0.000000000000000000e+00 1.355401489402080217e-01 1.869663293104535358e-03 1.869663293104526685e-03 0.000000000000000000e+00 0.000000000000000000e+00
9.538386623306360779e-02 0.000000000000000000e+00 0.000000000000000000e+00 -6.460848371409178981e+01 0.000000000000000000e+00 0.000000000000000000e+00 -1.905001719509896718e-02 -1.905001719509896718e-02 1.906814494086833678e-02 1.906814494086833678e-02 1.235823958648402804e-01 1.236137554815334716e-01 -3.801505221541084945e-02 -3.801505221541082169e-02 0.000000000000000000e+00 0.000000000000000000e+00 0.000000000000000000e+00 0.000000000000000000e+00 -9.494281991007183508e-02 -9.494281991007176569e-02 9.496447381201249260e-02 9.496447381201265914e-02 9.646005909314797622e-02 0.000000000000000000e+00 0.000000000000000000e+00 0.000000000000000000e+00 0.000000000000000000e+00 0.000000000000000000e+00 0.000000000000000000e+00 0.000000000000000000e+00 0.000000000000000000e+00 0.000000000000000000e+00 0.000000000000000000e+00 0.000000000000000000e+00 0.000000000000000000e+00 9.798244279552263680e-02 9.799093464363152484e-02 0.000000000000000000e+00 0.000000000000000000e+00 0.000000000000000000e+00 0.000000000000000000e+00 0.000000000000000000e+00 0.000000000000000000e+00 0.000000000000000000e+00 0.000000000000000000e+00 0.000000000000000000e+00 0.000000000000000000e+00 0.000000000000000000e+00 0.000000000000000000e+00 0.000000000000000000e+00 0.000000000000000000e+00 1.539944120447221676e-02 1.539944120447222370e-02 0.000000000000000000e+00 0.000000000000000000e+00 7.589632887114415583e-02 7.589632887114419746e-02 -7.589280271497286789e-02 -7.589280271497282626e-02 0.000000000000000000e+00 0.000000000000000000e+00 0.000000000000000000e+00 0.000000000000000000e+00 0.000000000000000000e+00
-6.876475375211300867e-02 -3.251050295029862813e-02 -3.251050295029869058e-02 0.000000000000000000e+00 -6.551824256160338678e+01 0.000000000000000000e+00 0.000000000000000000e+00 1.906814494086840617e-02 -1.905001719509896718e-02 0.000000000000000000e+00 0.000000000000000000e+00 0.000000000000000000e+00 0.000000000000000000e+00 0.000000000000000000e+00 0.000000000000000000e+00 0.000000000000000000e+00 4.330549688161908911e-02 4.062796837417116669e-02 0.000000000000000000e+00 0.000000000000000000e+00 0.000000000000000000e+00 0.000000000000000000e+00 0.000000000000000000e+00 0.000000000000000000e+00 -1.493123897858014693e-02 1.494818551483710969e-02 0.000000000000000000e+00 0.000000000000000000e+00 -1.926438671675850464e-02 0.000000000000000000e+00 -4.555663390097380860e-02 0.000000000000000000e+00 -4.064794294577995376e-02 -1.430375226516410539e-02 0.000000000000000000e+00 0.000000000000000000e+00 0.000000000000000000e+00 3.625425080181425563e-02 3.625425080181426257e-02 0.000000000000000000e+00 0.000000000000000000e+00 0.000000000000000000e+00 0.000000000000000000e+00 -8.660742389586750800e-03 0.000000000000000000e+00 0.000000000000000000e+00 5.351171603494686568e-03 9.785284724906650328e-03 0.000000000000000000e+00 0.000000000000000000e+00 -1.309277380602616968e-02 0.000000000000000000e+00 0.000000000000000000e+00 1.355401489402080772e-01 1.355080987290639694e-01 -7.589280271497286789e-02 0.000000000000000000e+00 0.000000000000000000e+00 7.589632887114421134e-02 -6.876475375211295316e-02 0.000000000000000000e+00 0.000000000000000000e+00 0.000000000000000000e+00 0.000000000000000000e+00
-6.876475375211295316e-02 -3.251050295029862813e-02 -3.251050295029869058e-02 0.000000000000000000e+00 0.000000000000000000e+00 -6.551824256160338678e+01 1.906814494086840617e-02 0.000000000000000000e+00 0.000000000000000000e+00 -1.905001719509896718e-02 0.000000000000000000e+00 0.000000000000000000e+00 0.000000000000000000e+00 0.000000000000000000e+00 0.000000000000000000e+00 0.000000000000000000e+00 4.062796837417108342e-02 4.330549688161909605e-02 0.000000000000000000e+00 0.000000000000000000e+00 0.000000000000000000e+00 0.000000000000000000e+00 0.000000000000000000e+00 -1.493123897858014693e-02 0.000000000000000000e+00 0.000000000000000000e+00 1.494818551483710969e-02 -1.926438671675850464e-02 0.000000000000000000e+00 -4.555663390097382942e-02 0.000000000000000000e+00 -4.064794294577999539e-02 0.000000000000000000e+00 0.000000000000000000e+00 -1.430375226516410539e-02 0.000000000000000000e+00 0.000000000000000000e+00 3.625425080181426257e-02 3.625425080181426951e-02 0.000000000000000000e+00 0.000000000000000000e+00 0.000000000000000000e+00 0.000000000000000000e+00 0.000000000000000000e+00 -8.660742389586759474e-03 5.351171603494686568e-03 0.000000000000000000e+00 0.000000000000000000e+00 9.785284724906650328e-03 -1.309277380602617315e-02 0.000000000000000000e+00 0.000000000000000000e+00 0.000000000000000000e+00 1.355080987290639694e-01 1.355401489402080772e-01 0.000000000000000000e+00 -7.589280271497279851e-02 7.589632887114422521e-02 0.000000000000000000e+00 -6.876475375211300867e-02 0.000000000000000000e+00 0.000000000000000000e+00 0.000000000000000000e+00 0.000000000000000000e+00
7.589280271497279851e-02 -1.905001719509896718e-02 0.000000000000000000e+00 -1.905001719509896718e-02 0.000000000000000000e+00 1.906814494086840617e-02 -6.508708562409925946e+01 0.000000000000000000e+00 -3.251050295029862813e-02 0.000000000000000000e+00 -9.494281991007177957e-02 0.000000000000000000e+00 0.000000000000000000e+00 1.494818551483710969e-02 0.000000000000000000e+00 0.000000000000000000e+00 0.000000000000000000e+00 0.000000000000000000e+00 1.235823958648402943e-01 9.798244279552272007e-02 0.000000000000000000e+00 0.000000000000000000e+00 0.000000000000000000e+00 1.079123289900468796e-02 0.000000000000000000e+00 0.000000000000000000e+00 0.000000000000000000e+00 1.626339497770678058e-02 0.000000000000000000e+00 -4.633433407762233697e-02 0.000000000000000000e+00 -3.012077046361616439e-02 0.000000000000000000e+00 0.000000000000000000e+00 0.000000000000000000e+00 -9.494281991007182120e-02 0.000000000000000000e+00 0.000000000000000000e+00 0.000000000000000000e+00 0.000000000000000000e+00 0.000000000000000000e+00 1.848251757488891464e-03 0.000000000000000000e+00 0.000000000000000000e+00 0.000000000000000000e+00 3.428567760159346832e-06 0.000000000000000000e+00 0.000000000000000000e+00 0.000000000000000000e+00 0.000000000000000000e+00 0.000000000000000000e+00 0.000000000000000000e+00 -4.510349007893169060e-02 -7.589632887114415583e-02 0.000000000000000000e+00 0.000000000000000000e+00 6.876475375211296703e-02 -9.538386623306364942e-02 -1.355401489402080772e-01 0.000000000000000000e+00 0.000000000000000000e+00 0.000000000000000000e+00 0.000000000000000000e+00 -1.438639373130884934e-02
7.589280271497284014e-02 -1.905001719509896718e-02 0.000000000000000000e+00 -1.905001719509896718e-02 1.906814494086840617e-02 0.000000000000000000e+00 0.000000000000000000e+00 -6.508708562409923104e+01 0.000000000000000000e+00 -3.251050295029862813e-02 -9.494281991007175181e-02 0.000000000000000000e+00 1.494818551483710969e-02 0.000000000000000000e+00 0.000000000000000000e+00 0.000000000000000000e+00 0.000000000000000000e+00 0.000000000000000000e+00 9.798244279552269231e-02 1.235823958648403081e-01 0.000000000000000000e+00 0.000000000000000000e+00 0.000000000000000000e+00 0.000000000000000000e+00 1.079123289900471572e-02 0.000000000000000000e+00 0.000000000000000000e+00 0.000000000000000000e+00 1.626339497770678058e-02 0.000000000000000000e+00 -4.633433407762233697e-02 0.000000000000000000e+00 -3.012077046361620603e-02 0.000000000000000000e+00 0.000000000000000000e+00 -9.494281991007183508e-02 0.000000000000000000e+00 0.000000000000000000e+00 0.000000000000000000e+00 0.000000000000000000e+00 0.000000000000000000e+00 0.000000000000000000e+00 1.848251757488887561e-03 0.000000000000000000e+00 0.000000000000000000e+00 0.000000000000000000e+00 3.428567760159346832e-06 0.000000000000000000e+00 0.000000000000000000e+00 0.000000000000000000e+00 0.000000000000000000e+00 -4.510349007893170448e-02 0.000000000000000000e+00 0.000000000000000000e+00 -7.589632887114419746e-02 6.876475375211289764e-02 0.000000000000000000e+00 -1.355401489402080772e-01 -9.538386623306346901e-02 0.000000000000000000e+00 0.000000000000000000e+00 0.000000000000000000e+00 -1.438639373130886669e-02 0.000000000000000000e+00
-7.589632887114425297e-02 0.000000000000000000e+00 1.906814494086840617e-02 1.906814494086833678e-02 -1.905001719509896718e-02 0.000000000000000000e+00 -3.251050295029862813e-02 0.000000000000000000e+00 -6.508657946776064307e+01 0.000000000000000000e+00 0.000000000000000000e+00 9.496447381201247873e-02 0.000000000000000000e+00 -1.493123897858014693e-02 0.000000000000000000e+00 0.000000000000000000e+00 0.000000000000000000e+00 0.000000000000000000e+00 0.000000000000000000e+00 0.000000000000000000e+00 1.236137554815334716e-01 9.799093464363151096e-02 0.000000000000000000e+00 0.000000000000000000e+00 0.000000000000000000e+00 1.082039566792269980e-02 0.000000000000000000e+00 0.000000000000000000e+00 0.000000000000000000e+00 -3.012077046361616092e-02 0.000000000000000000e+00 -4.633433407762234391e-02 0.000000000000000000e+00 -1.623375748619579687e-02 0.000000000000000000e+00 0.000000000000000000e+00 9.496447381201264526e-02 0.000000000000000000e+00 0.000000000000000000e+00 1.869663293104517577e-03 0.000000000000000000e+00 0.000000000000000000e+00 0.000000000000000000e+00 0.000000000000000000e+00 0.000000000000000000e+00 0.000000000000000000e+00 0.000000000000000000e+00 3.428567760159346832e-06 0.000000000000000000e+00 0.000000000000000000e+00 0.000000000000000000e+00 0.000000000000000000e+00 4.511502184450696951e-02 7.589280271497286789e-02 0.000000000000000000e+00 -9.538386623306364942e-02 -1.355080987290639694e-01 0.000000000000000000e+00 6.876475375211300867e-02 0.000000000000000000e+00 0.000000000000000000e+00 1.440171078040689348e-02 0.000000000000000000e+00 0.000000000000000000e+00
-7.589632887114422521e-02 0.000000000000000000e+00 1.906814494086840617e-02 1.906814494086833678e-02 0.000000000000000000e+00 -1.905001719509896718e-02 0.000000000000000000e+00 -3.251050295029862813e-02 0.000000000000000000e+00 -6.508657946776062886e+01 0.000000000000000000e+00 9.496447381201257587e-02 -1.493123897858014693e-02 0.000000000000000000e+00 0.000000000000000000e+00 0.000000000000000000e+00 0.000000000000000000e+00 0.000000000000000000e+00 0.000000000000000000e+00 0.000000000000000000e+00 9.799093464363159423e-02 1.236137554815334577e-01 0.000000000000000000e+00 0.000000000000000000e+00 0.000000000000000000e+00 0.000000000000000000e+00 1.082039566792269980e-02 0.000000000000000000e+00 0.000000000000000000e+00 0.000000000000000000e+00 -3.012077046361618868e-02 0.000000000000000000e+00 -4.633433407762234391e-02 0.000000000000000000e+00 -1.623375748619579687e-02 0.000000000000000000e+00 9.496447381201260363e-02 0.000000000000000000e+00 0.000000000000000000e+00 0.000000000000000000e+00 1.869663293104532539e-03 0.000000000000000000e+00 0.000000000000000000e+00 0.000000000000000000e+00 0.000000000000000000e+00 0.000000000000000000e+00 0.000000000000000000e+00 0.000000000000000000e+00 3.428567760159346832e-06 0.000000000000000000e+00 0.000000000000000000e+00 4.511502184450692093e-02 0.000000000000000000e+00 0.000000000000000000e+00 7.589280271497282626e-02 -1.355080987290639694e-01 -9.538386623306346901e-02 6.876475375211295316e-02 0.000000000000000000e+00 0.000000000000000000e+00 1.440171078040691256e-02 0.000000000000000000e+00 0.000000000000000000e+00 0.000000000000000000e+00
5.393148395179575560e-02 9.798244279552273395e-02 0.000000000000000000e+00 1.235823958648402804e-01 0.000000000000000000e+00 0.000000000000000000e+00 -9.494281991007177957e-02 -9.494281991007175181e-02 0.000000000000000000e+00 0.000000000000000000e+00 -6.561582077584552053e+01 4.330549688161908911e-02 1.848251757488899921e-03 1.848251757488898403e-03 0.000000000000000000e+00 0.000000000000000000e+00 0.000000000000000000e+00 0.000000000000000000e+00 -5.608111963287210761e-02 -5.608111963287210761e-02 0.000000000000000000e+00 0.000000000000000000e+00 3.049201435924126305e-02 -1.438639373130886669e-02 -1.438639373130884934e-02 0.000000000000000000e+00 0.000000000000000000e+00 -6.481843844486101514e-02 -6.481843844486102901e-02 0.000000000000000000e+00 0.000000000000000000e+00 -4.555663390097381554e-02 -4.555663390097382942e-02 -1.926438671675853240e-02 -1.926438671675853240e-02 0.000000000000000000e+00 0.000000000000000000e+00 0.000000000000000000e+00 9.799093464363152484e-02 0.000000000000000000e+00 0.000000000000000000e+00 1.274585556521908372e-03 1.274585556521908372e-03 0.000000000000000000e+00 0.000000000000000000e+00 0.000000000000000000e+00 0.000000000000000000e+00 0.000000000000000000e+00 0.000000000000000000e+00 0.000000000000000000e+00 0.000000000000000000e+00 -1.234825074655804787e-02 -1.234825074655805828e-02 0.000000000000000000e+00 0.000000000000000000e+00 0.000000000000000000e+00 0.000000000000000000e+00 3.886170027719972747e-02 3.886170027719974829e-02 0.000000000000000000e+00 0.000000000000000000e+00 0.000000000000000000e+00 0.000000000000000000e+00 0.000000000000000000e+00
5.394503141022035514e-02 0.000000000000000000e+00 9.799093464363158035e-02 1.236137554815334716e-01 0.000000000000000000e+00 0.000000000000000000e+00 0.000000000000000000e+00 0.000000000000000000e+00 9.496447381201247873e-02 9.496447381201257587e-02 4.330549688161908911e-02 -6.561536142175603459e+01 1.869663293104535358e-03 1.869663293104526685e-03 0.000000000000000000e+00 0.000000000000000000e+00 0.000000000000000000e+00 0.000000000000000000e+00 0.000000000000000000e+00 0.000000000000000000e+00 5.611232860902333475e-02 5.611232860902333475e-02 3.049373737658957542e-02 0.000000000000000000e+00 0.000000000000000000e+00 1.440171078040691256e-02 1.440171078040689348e-02 0.000000000000000000e+00 0.000000000000000000e+00 6.478929784452891472e-02 6.478929784452890084e-02 -1.923479714709115315e-02 -1.923479714709115315e-02 -4.555663390097380167e-02 -4.555663390097382248e-02 0.000000000000000000e+00 0.000000000000000000e+00 9.798244279552263680e-02 0.000000000000000000e+00 -1.279678732171501618e-03 -1.279678732171501618e-03 0.000000000000000000e+00 0.000000000000000000e+00 0.000000000000000000e+00 0.000000000000000000e+00 0.000000000000000000e+00 0.000000000000000000e+00 0.000000000000000000e+00 0.000000000000000000e+00 0.000000000000000000e+00 0.000000000000000000e+00 -1.235442021174780469e-02 -1.235442021174781510e-02 0.000000000000000000e+00 0.000000000000000000e+00 -3.885214520298926888e-02 -3.885214520298926888e-02 0.000000000000000000e+00 0.000000000000000000e+00 0.000000000000000000e+00 0.000000000000000000e+00 0.000000000000000000e+00 0.000000000000000000e+00 0.000000000000000000e+00
5.018558686444637984e-02 0.000000000000000000e+00 0.000000000000000000e+00 -3.801505221541084945e-02 0.000000000000000000e+00 0.000000000000000000e+00 0.000000000000000000e+00 1.494818551483710969e-02 0.000000000000000000e+00 -1.493123897858014693e-02 1.848251757488899921e-03 1.869663293104535358e-03 -6.530741291329329101e+01 9.646005909314799009e-02 0.000000000000000000e+00 0.000000000000000000e+00 0.000000000000000000e+00 0.000000000000000000e+00 -1.438639373130887016e-02 0.000000000000000000e+00 1.440171078040695767e-02 0.000000000000000000e+00 -1.498865292516931014e-01 -1.905001719509896718e-02 0.000000000000000000e+00 1.906814494086833678e-02 0.000000000000000000e+00 0.000000000000000000e+00 0.000000000000000000e+00 0.000000000000000000e+00 0.000000000000000000e+00 0.000000000000000000e+00 0.000000000000000000e+00 0.000000000000000000e+00 0.000000000000000000e+00 0.000000000000000000e+00 0.000000000000000000e+00 0.000000000000000000e+00 0.000000000000000000e+00 0.000000000000000000e+00 9.496447381201265914e-02 0.000000000000000000e+00 -9.494281991007176569e-02 0.000000000000000000e+00 0.000000000000000000e+00 0.000000000000000000e+00 0.000000000000000000e+00 0.000000000000000000e+00 0.000000000000000000e+00 0.000000000000000000e+00 0.000000000000000000e+00 2.009748085614707774e-02 2.560881281133875476e-02 0.000000000000000000e+00 0.000000000000000000e+00 2.933294975898709592e-02 0.000000000000000000e+00 -2.933457924614606832e-02 0.000000000000000000e+00 0.000000000000000000e+00 9.799093464363152484e-02 0.000000000000000000e+00 9.798244279552263680e-02 0.000000000000000000e+00
5.018558686444644229e-02 0.000000000000000000e+00 0.000000000000000000e+00 -3.801505221541082169e-02 0.000000000000000000e+00 0.000000000000000000e+00 1.494818551483710969e-02 0.000000000000000000e+00 -1.493123897858014693e-02 0.000000000000000000e+00 1.848251757488898403e-03 1.869663293104526685e-03 9.646005909314799009e-02 -6.530741291329330522e+01 0.000000000000000000e+00 0.000000000000000000e+00 0.000000000000000000e+00 0.000000000000000000e+00 0.000000000000000000e+00 -1.438639373130886842e-02 0.000000000000000000e+00 1.440171078040688481e-02 -1.498865292516931014e-01 0.000000000000000000e+00 -1.905001719509896718e-02 0.000000000000000000e+00 1.906814494086833678e-02 0.000000000000000000e+00 0.000000000000000000e+00 0.000000000000000000e+00 0.000000000000000000e+00 0.000000000000000000e+00 0.000000000000000000e+00 0.000000000000000000e+00 0.000000000000000000e+00 0.000000000000000000e+00 0.000000000000000000e+00 0.000000000000000000e+00 0.000000000000000000e+00 9.496447381201249260e-02 0.000000000000000000e+00 -9.494281991007183508e-02 0.000000000000000000e+00 0.000000000000000000e+00 0.000000000000000000e+00 0.000000000000000000e+00 0.000000000000000000e+00 0.000000000000000000e+00 0.000000000000000000e+00 0.000000000000000000e+00 0.000000000000000000e+00 2.560881281133897680e-02 2.009748085614721652e-02 0.000000000000000000e+00 0.000000000000000000e+00 0.000000000000000000e+00 2.933294975898700224e-02 0.000000000000000000e+00 -2.933457924614602322e-02 0.000000000000000000e+00 0.000000000000000000e+00 9.799093464363152484e-02 0.000000000000000000e+00 9.798244279552263680e-02
4.413055492212727277e-02 0.000000000000000000e+00 3.049373737658957542e-02 0.000000000000000000e+00 0.000000000000000000e+00 0.000000000000000000e+00 0.000000000000000000e+00 0.000000000000000000e+00 0.000000000000000000e+00 0.000000000000000000e+00 0.000000000000000000e+00 0.000000000000000000e+00 0.000000000000000000e+00 0.000000000000000000e+00 -6.587180637412068052e+01 4.062796837417110424e-02 0.000000000000000000e+00 0.000000000000000000e+00 0.000000000000000000e+00 0.000000000000000000e+00 0.000000000000000000e+00 0.000000000000000000e+00 9.799093464363158035e-02 0.000000000000000000e+00 0.000000000000000000e+00 1.440171078040694726e-02 1.440171078040692991e-02 0.000000000000000000e+00 0.000000000000000000e+00 0.000000000000000000e+00 0.000000000000000000e+00 0.000000000000000000e+00 0.000000000000000000e+00 0.000000000000000000e+00 0.000000000000000000e+00 0.000000000000000000e+00 9.646005909314800397e-02 0.000000000000000000e+00 3.049201435924125611e-02 -1.279678732171532843e-03 -1.279678732171532843e-03 0.000000000000000000e+00 0.000000000000000000e+00 5.362928041106371224e-03 5.362928041106371224e-03 0.000000000000000000e+00 0.000000000000000000e+00 -1.309277380602615580e-02 -1.309277380602618876e-02 7.733608503399351172e-03 7.733608503399352040e-03 3.671783375987588971e-02 3.671783375987590359e-02 0.000000000000000000e+00 0.000000000000000000e+00 0.000000000000000000e+00 0.000000000000000000e+00 0.000000000000000000e+00 0.000000000000000000e+00 0.000000000000000000e+00 -8.028844151968239640e-02 -8.028844151968236864e-02 0.000000000000000000e+00 0.000000000000000000e+00
4.410891399030565652e-02 3.049201435924126305e-02 0.000000000000000000e+00 0.000000000000000000e+00 0.000000000000000000e+00 0.000000000000000000e+00 0.000000000000000000e+00 0.000000000000000000e+00 0.000000000000000000e+00 0.000000000000000000e+00 0.000000000000000000e+00 0.000000000000000000e+00 0.000000000000000000e+00 0.000000000000000000e+00 4.062796837417110424e-02 -6.587236689625703434e+01 0.000000000000000000e+00 0.000000000000000000e+00 0.000000000000000000e+00 0.000000000000000000e+00 0.000000000000000000e+00 0.000000000000000000e+00 9.798244279552273395e-02 -1.438639373130888403e-02 -1.438639373130888403e-02 0.000000000000000000e+00 0.000000000000000000e+00 0.000000000000000000e+00 0.000000000000000000e+00 0.000000000000000000e+00 0.000000000000000000e+00 0.000000000000000000e+00 0.000000000000000000e+00 0.000000000000000000e+00 0.000000000000000000e+00 9.646005909314800397e-02 0.000000000000000000e+00 3.049373737658958930e-02 0.000000000000000000e+00 0.000000000000000000e+00 0.000000000000000000e+00 1.274585556521894494e-03 1.274585556521894494e-03 -1.309277380602618529e-02 -1.309277380602616100e-02 -7.718566705748759402e-03 -7.718566705748757667e-03 5.351171603494676160e-03 5.351171603494676160e-03 0.000000000000000000e+00 0.000000000000000000e+00 3.670114988131349676e-02 3.670114988131351064e-02 0.000000000000000000e+00 0.000000000000000000e+00 0.000000000000000000e+00 0.000000000000000000e+00 0.000000000000000000e+00 0.000000000000000000e+00 0.000000000000000000e+00 0.000000000000000000e+00 0.000000000000000000e+00 -8.030900178403846401e-02 -8.030900178403846401e-02
-3.213014875348052524e-02 3.625425080181426951e-02 3.625425080181425563e-02 0.000000000000000000e+00 4.330549688161908911e-02 4.062796837417108342e-02 0.000000000000000000e+00 0.000000000000000000e+00 0.000000000000000000e+00 0.000000000000000000e+00 0.000000000000000000e+00 0.000000000000000000e+00 0.000000000000000000e+00 0.000000000000000000e+00 0.000000000000000000e+00 0.000000000000000000e+00 -6.572004141979795122e+01 0.000000000000000000e+00 0.000000000000000000e+00 9.496447381201263138e-02 -9.494281991007177957e-02 0.000000000000000000e+00 0.000000000000000000e+00 0.000000000000000000e+00 0.000000000000000000e+00 0.000000000000000000e+00 0.000000000000000000e+00 0.000000000000000000e+00 -4.555663390097378085e-02 0.000000000000000000e+00 -1.923479714709118091e-02 -6.699761149102886892e-02 0.000000000000000000e+00 0.000000000000000000e+00 -4.064794294577995376e-02 0.000000000000000000e+00 0.000000000000000000e+00 4.124102048333737336e-03 4.124102048333744275e-03 -1.438639373130887883e-02 0.000000000000000000e+00 0.000000000000000000e+00 1.440171078040686226e-02 -2.709703346050694461e-02 0.000000000000000000e+00 -1.309277380602617835e-02 0.000000000000000000e+00 -8.660742389586759474e-03 0.000000000000000000e+00 5.362928041106355612e-03 0.000000000000000000e+00 0.000000000000000000e+00 0.000000000000000000e+00 -3.464162279651439302e-02 -3.460776667818896146e-02 0.000000000000000000e+00 0.000000000000000000e+00 0.000000000000000000e+00 0.000000000000000000e+00 -3.213014875348053218e-02 0.000000000000000000e+00 0.000000000000000000e+00 0.000000000000000000e+00 0.000000000000000000e+00
-3.213014875348053218e-02 3.625425080181426951e-02 3.625425080181426257e-02 0.000000000000000000e+00 4.062796837417116669e-02 4.330549688161909605e-02 0.000000000000000000e+00 0.000000000000000000e+00 0.000000000000000000e+00 0.000000000000000000e+00 0.000000000000000000e+00 0.000000000000000000e+00 0.000000000000000000e+00 0.000000000000000000e+00 0.000000000000000000e+00 0.000000000000000000e+00 0.000000000000000000e+00 -6.572004141979796543e+01 9.496447381201260363e-02 0.000000000000000000e+00 0.000000000000000000e+00 -9.494281991007183508e-02 0.000000000000000000e+00 0.000000000000000000e+00 0.000000000000000000e+00 0.000000000000000000e+00 0.000000000000000000e+00 -4.555663390097383636e-02 0.000000000000000000e+00 -1.923479714709118091e-02 0.000000000000000000e+00 0.000000000000000000e+00 -6.699761149102884117e-02 -4.064794294577999539e-02 0.000000000000000000e+00 0.000000000000000000e+00 0.000000000000000000e+00 4.124102048333737336e-03 4.124102048333744275e-03 0.000000000000000000e+00 -1.438639373130886842e-02 1.440171078040695073e-02 0.000000000000000000e+00 0.000000000000000000e+00 -2.709703346050694461e-02 0.000000000000000000e+00 -1.309277380602615233e-02 0.000000000000000000e+00 -8.660742389586750800e-03 0.000000000000000000e+00 5.362928041106355612e-03 0.000000000000000000e+00 0.000000000000000000e+00 -3.460776667818895452e-02 -3.464162279651437221e-02 0.000000000000000000e+00 0.000000000000000000e+00 0.000000000000000000e+00 0.000000000000000000e+00 -3.213014875348052524e-02 0.000000000000000000e+00 0.000000000000000000e+00 0.000000000000000000e+00 0.000000000000000000e+00
3.886170027719969972e-02 -9.494281991007177957e-02 0.000000000000000000e+00 -9.494281991007183508e-02 0.000000000000000000e+00 0.000000000000000000e+00 1.235823958648402943e-01 9.798244279552269231e-02 0.000000000000000000e+00 0.000000000000000000e+00 -5.608111963287210761e-02 0.000000000000000000e+00 -1.438639373130887016e-02 0.000000000000000000e+00 0.000000000000000000e+00 0.000000000000000000e+00 0.000000000000000000e+00 9.496447381201260363e-02 -6.521164237870625868e+01 0.000000000000000000e+00 3.625425080181426951e-02 0.000000000000000000e+00 0.000000000000000000e+00 1.848251757488887561e-03 0.000000000000000000e+00 0.000000000000000000e+00 0.000000000000000000e+00 2.176597060189470328e-02 0.000000000000000000e+00 -4.633433407762233697e-02 0.000000000000000000e+00 0.000000000000000000e+00 0.000000000000000000e+00 -2.456950262900595150e-02 0.000000000000000000e+00 -5.608111963287210761e-02 0.000000000000000000e+00 0.000000000000000000e+00 0.000000000000000000e+00 0.000000000000000000e+00 0.000000000000000000e+00 -5.380249449761223546e-02 0.000000000000000000e+00 0.000000000000000000e+00 0.000000000000000000e+00 0.000000000000000000e+00 2.379969996000654844e-05 0.000000000000000000e+00 0.000000000000000000e+00 0.000000000000000000e+00 0.000000000000000000e+00 0.000000000000000000e+00 -2.303909218196686232e-02 0.000000000000000000e+00 0.000000000000000000e+00 0.000000000000000000e+00 0.000000000000000000e+00 5.393148395179574867e-02 5.243577661446923582e-02 0.000000000000000000e+00 0.000000000000000000e+00 0.000000000000000000e+00 1.274585556521908372e-03 0.000000000000000000e+00
3.886170027719971359e-02 -9.494281991007183508e-02 0.000000000000000000e+00 -9.494281991007176569e-02 0.000000000000000000e+00 0.000000000000000000e+00 9.798244279552272007e-02 1.235823958648403081e-01 0.000000000000000000e+00 0.000000000000000000e+00 -5.608111963287210761e-02 0.000000000000000000e+00 0.000000000000000000e+00 -1.438639373130886842e-02 0.000000000000000000e+00 0.000000000000000000e+00 9.496447381201263138e-02 0.000000000000000000e+00 0.000000000000000000e+00 -6.521164237870624447e+01 0.000000000000000000e+00 3.625425080181426951e-02 0.000000000000000000e+00 0.000000000000000000e+00 1.848251757488891464e-03 0.000000000000000000e+00 0.000000000000000000e+00 0.000000000000000000e+00 2.176597060189470675e-02 0.000000000000000000e+00 -4.633433407762233697e-02 0.000000000000000000e+00 0.000000000000000000e+00 0.000000000000000000e+00 -2.456950262900595150e-02 -5.608111963287210761e-02 0.000000000000000000e+00 0.000000000000000000e+00 0.000000000000000000e+00 0.000000000000000000e+00 0.000000000000000000e+00 0.000000000000000000e+00 -5.380249449761226321e-02 0.000000000000000000e+00 0.000000000000000000e+00 2.379969995987754871e-05 0.000000000000000000e+00 0.000000000000000000e+00 0.000000000000000000e+00 0.000000000000000000e+00 0.000000000000000000e+00 -2.303909218196686925e-02 0.000000000000000000e+00 0.000000000000000000e+00 0.000000000000000000e+00 0.000000000000000000e+00 0.000000000000000000e+00 5.243577661446924276e-02 5.393148395179573479e-02 0.000000000000000000e+00 0.000000000000000000e+00 0.000000000000000000e+00 0.000000000000000000e+00 1.274585556521908372e-03
-3.885214520298924806e-02 0.000000000000000000e+00 9.496447381201260363e-02 9.496447381201249260e-02 0.000000000000000000e+00 0.000000000000000000e+00 0.000000000000000000e+00 0.000000000000000000e+00 1.236137554815334716e-01 9.799093464363159423e-02 0.000000000000000000e+00 5.611232860902333475e-02 1.440171078040695767e-02 0.000000000000000000e+00 0.000000000000000000e+00 0.000000000000000000e+00 -9.494281991007177957e-02 0.000000000000000000e+00 3.625425080181426951e-02 0.000000000000000000e+00 -6.521109490674876952e+01 0.000000000000000000e+00 0.000000000000000000e+00 0.000000000000000000e+00 0.000000000000000000e+00 1.869663293104532539e-03 0.000000000000000000e+00 0.000000000000000000e+00 0.000000000000000000e+00 -2.457611609893278065e-02 0.000000000000000000e+00 -2.179389594107413591e-02 0.000000000000000000e+00 -4.633433407762234391e-02 0.000000000000000000e+00 0.000000000000000000e+00 5.611232860902333475e-02 0.000000000000000000e+00 0.000000000000000000e+00 -5.378009841746941855e-02 0.000000000000000000e+00 0.000000000000000000e+00 0.000000000000000000e+00 2.379969996000654844e-05 0.000000000000000000e+00 0.000000000000000000e+00 0.000000000000000000e+00 0.000000000000000000e+00 0.000000000000000000e+00 0.000000000000000000e+00 0.000000000000000000e+00 0.000000000000000000e+00 2.304205075412470854e-02 0.000000000000000000e+00 0.000000000000000000e+00 5.394503141022031351e-02 5.243149456377547285e-02 0.000000000000000000e+00 0.000000000000000000e+00 0.000000000000000000e+00 -1.279678732171501618e-03 0.000000000000000000e+00 0.000000000000000000e+00 0.000000000000000000e+00
-3.885214520298926888e-02 0.000000000000000000e+00 9.496447381201263138e-02 9.496447381201265914e-02 0.000000000000000000e+00 0.000000000000000000e+00 0.000000000000000000e+00 0.000000000000000000e+00 9.799093464363151096e-02 1.236137554815334577e-01 0.000000000000000000e+00 5.611232860902333475e-02 0.000000000000000000e+00 1.440171078040688481e-02 0.000000000000000000e+00 0.000000000000000000e+00 0.000000000000000000e+00 -9.494281991007183508e-02 0.000000000000000000e+00 3.625425080181426951e-02 0.000000000000000000e+00 -6.521109490674876952e+01 0.000000000000000000e+00 0.000000000000000000e+00 0.000000000000000000e+00 0.000000000000000000e+00 1.869663293104517577e-03 0.000000000000000000e+00 0.000000000000000000e+00 0.000000000000000000e+00 -2.457611609893278065e-02 0.000000000000000000e+00 -2.179389594107413244e-02 0.000000000000000000e+00 -4.633433407762234391e-02 0.000000000000000000e+00 5.611232860902333475e-02 0.000000000000000000e+00 0.000000000000000000e+00 0.000000000000000000e+00 -5.378009841746939079e-02 0.000000000000000000e+00 0.000000000000000000e+00 0.000000000000000000e+00 2.379969995987754871e-05 0.000000000000000000e+00 0.000000000000000000e+00 0.000000000000000000e+00 0.000000000000000000e+00 0.000000000000000000e+00 0.000000000000000000e+00 2.304205075412465303e-02 0.000000000000000000e+00 0.000000000000000000e+00 0.000000000000000000e+00 5.243149456377551448e-02 5.394503141022038983e-02 0.000000000000000000e+00 0.000000000000000000e+00 0.000000000000000000e+00 0.000000000000000000e+00 -1.279678732171501618e-03 0.000000000000000000e+00 0.000000000000000000e+00
3.457360421442393777e-02 0.000000000000000000e+00 0.000000000000000000e+00 9.646005909314797622e-02 0.000000000000000000e+00 0.000000000000000000e+00 0.000000000000000000e+00 0.000000000000000000e+00 0.000000000000000000e+00 0.000000000000000000e+00 3.049201435924126305e-02 3.049373737658957542e-02 -1.498865292516931014e-01 -1.498865292516931014e-01 9.799093464363158035e-02 9.798244279552273395e-02 0.000000000000000000e+00 0.000000000000000000e+00 0.000000000000000000e+00 0.000000000000000000e+00 0.000000000000000000e+00 0.000000000000000000e+00 -6.581412513277507514e+01 1.494818551483719817e-02 1.494818551483719817e-02 -1.493123897858013825e-02 -1.493123897858013825e-02 0.000000000000000000e+00 0.000000000000000000e+00 0.000000000000000000e+00 0.000000000000000000e+00 0.000000000000000000e+00 0.000000000000000000e+00 0.000000000000000000e+00 0.000000000000000000e+00 0.000000000000000000e+00 0.000000000000000000e+00 0.000000000000000000e+00 0.000000000000000000e+00 1.440171078040695767e-02 1.440171078040688481e-02 -1.438639373130887016e-02 -1.438639373130886842e-02 0.000000000000000000e+00 0.000000000000000000e+00 0.000000000000000000e+00 0.000000000000000000e+00 0.000000000000000000e+00 0.000000000000000000e+00 0.000000000000000000e+00 0.000000000000000000e+00 4.423320547962239502e-03 4.423320547962239502e-03 0.000000000000000000e+00 0.000000000000000000e+00 0.000000000000000000e+00 0.000000000000000000e+00 0.000000000000000000e+00 0.000000000000000000e+00 0.000000000000000000e+00 0.000000000000000000e+00 0.000000000000000000e+00 0.000000000000000000e+00 0.000000000000000000e+00
2.933457924614611342e-02 1.494818551483710969e-02 0.000000000000000000e+00 0.000000000000000000e+00 0.000000000000000000e+00 -1.493123897858014693e-02 1.079123289900468796e-02 0.000000000000000000e+00 0.000000000000000000e+00 0.000000000000000000e+00 -1.438639373130886669e-02 0.000000000000000000e+00 -1.905001719509896718e-02 0.000000000000000000e+00 0.000000000000000000e+00 -1.438639373130888403e-02 0.000000000000000000e+00 0.000000000000000000e+00 1.848251757488887561e-03 0.000000000000000000e+00 0.000000000000000000e+00 0.000000000000000000e+00 1.494818551483719817e-02 -6.584619009515918719e+01 0.000000000000000000e+00 -3.251050295029862813e-02 0.000000000000000000e+00 -4.411494748335270666e-03 0.000000000000000000e+00 -8.660742389586762943e-03 0.000000000000000000e+00 -1.309277380602618529e-02 0.000000000000000000e+00 0.000000000000000000e+00 0.000000000000000000e+00 0.000000000000000000e+00 0.000000000000000000e+00 0.000000000000000000e+00 0.000000000000000000e+00 0.000000000000000000e+00 0.000000000000000000e+00 3.049201435924125958e-02 9.798244279552272007e-02 0.000000000000000000e+00 -4.555663390097382942e-02 -4.975682986394690255e-03 0.000000000000000000e+00 0.000000000000000000e+00 0.000000000000000000e+00 -4.064794294578003703e-02 0.000000000000000000e+00 0.000000000000000000e+00 1.081753050015226147e-01 -2.933294975898709592e-02 0.000000000000000000e+00 0.000000000000000000e+00 0.000000000000000000e+00 -5.018558686444641453e-02 0.000000000000000000e+00 0.000000000000000000e+00 0.000000000000000000e+00 0.000000000000000000e+00 -9.494281991007182120e-02 0.000000000000000000e+00
