-6.718915864923660308e+01 1.355401489402080217e-01 1.355080987290639694e-01 9.538386623306360779e-02 -6.876475375211300867e-02 -6.876475375211295316e-02 7.589280271497279851e-02 7.589280271497284014e-02 -7.589632887114425297e-02 -7.589632887114422521e-02 5.393148395179575560e-02 5.394503141022035514e-02 5.018558686444637984e-02 5.018558686444644229e-02 4.413055492212727277e-02 4.410891399030565652e-02
1.355401489402080217e-01 -6.549592044385450151e+01 0.000000000000000000e+00 0.000000000000000000e+00 -3.251050295029862813e-02 -3.251050295029862813e-02 -1.905001719509896718e-02 -1.905001719509896718e-02 0.000000000000000000e+00 0.000000000000000000e+00 9.798244279552273395e-02 0.000000000000000000e+00 0.000000000000000000e+00 0.000000000000000000e+00 0.000000000000000000e+00 3.049201435924126305e-02
1.355080987290639694e-01 0.000000000000000000e+00 -6.549486064079705727e+01 0.000000000000000000e+00 -3.251050295029869058e-02 -3.251050295029869058e-02 0.000000000000000000e+00 0.000000000000000000e+00 1.906814494086840617e-02 1.906814494086840617e-02 0.000000000000000000e+00 9.799093464363158035e-02 0.000000000000000000e+00 0.000000000000000000e+00 3.049373737658957542e-02 0.000000000000000000e+00
9.538386623306360779e-02 0.000000000000000000e+00 0.000000000000000000e+00 -6.460848371409178981e+01 0.000000000000000000e+00 0.000000000000000000e+00 -1.905001719509896718e-02 -1.905001719509896718e-02 1.906814494086833678e-02 1.906814494086833678e-02 1.235823958648402804e-01 1.236137554815334716e-01 -3.801505221541084945e-02 -3.801505221541082169e-02 0.000000000000000000e+00 0.000000000000000000e+00
-6.876475375211300867e-02 -3.251050295029862813e-02 -3.251050295029869058e-02 0.000000000000000000e+00 -6.551824256160338678e+01 0.000000000000000000e+00 0.000000000000000000e+00 1.906814494086840617e-02 -1.905001719509896718e-02 0.000000000000000000e+00 0.000000000000000000e+00 0.000000000000000000e+00 0.000000000000000000e+00 0.000000000000000000e+00 0.000000000000000000e+00 0.000000000000000000e+00
-6.876475375211295316e-02 -3.251050295029862813e-02 -3.251050295029869058e-02 0.000000000000000000e+00 0.000000000000000000e+00 -6.551824256160338678e+01 1.906814494086840617e-02 0.000000000000000000e+00 0.000000000000000000e+00 -1.905001719509896718e-02 0.000000000000000000e+00 0.000000000000000000e+00 0.000000000000000000e+00 0.000000000000000000e+00 0.000000000000000000e+00 0.000000000000000000e+00
7.589280271497279851e-02 -1.905001719509896718e-02 0.000000000000000000e+00 -1.905001719509896718e-02 0.000000000000000000e+00 1.906814494086840617e-02 -6.508708562409925946e+01 0.000000000000000000e+00 -3.251050295029862813e-02 0.000000000000000000e+00 -9.494281991007177957e-02 0.000000000000000000e+00 0.000000000000000000e+00 1.494818551483710969e-02 0.000000000000000000e+00 0.000000000000000000e+00
7.589280271497284014e-02 -1.905001719509896718e-02 0.000000000000000000e+00 -1.905001719509896718e-02 1.906814494086840617e-02 0.000000000000000000e+00 0.000000000000000000e+00 -6.508708562409923104e+01 0.000000000000000000e+00 -3.251050295029862813e-02 -9.494281991007175181e-02 0.000000000000000000e+00 1.494818551483710969e-02 0.000000000000000000e+00 0.000000000000000000e+00 0.000000000000000000e+00
-7.589632887114425297e-02 0.000000000000000000e+00 1.906814494086840617e-02 1.906814494086833678e-02 -1.905001719509896718e-02 0.000000000000000000e+00 -3.251050295029862813e-02 0.000000000000000000e+00 -6.508657946776064307e+01 0.000000000000000000e+00 0.000000000000000000e+00 9.496447381201247873e-02 0.000000000000000000e+00 -1.493123897858014693e-02 0.000000000000000000e+00 0.000000000000000000e+00
-7.589632887114422521e-02 0.000000000000000000e+00 1.906814494086840617e-02 1.906814494086833678e-02 0.000000000000000000e+00 -1.905001719509896718e-02 0.000000000000000000e+00 -3.251050295029862813e-02 0.000000000000000000e+00 -6.508657946776062886e+01 0.000000000000000000e+00 9.496447381201257587e-02 -1.493123897858014693e-02 0.000000000000000000e+00 0.000000000000000000e+00 0.000000000000000000e+00
5.393148395179575560e-02 9.798244279552273395e-02 0.000000000000000000e+00 1.235823958648402804e-01 0.000000000000000000e+00 0.000000000000000000e+00 -9.494281991007177957e-02 -9.494281991007175181e-02 0.000000000000000000e+00 0.000000000000000000e+00 -6.561582077584552053e+01 4.330549688161908911e-02 1.848251757488899921e-03 1.848251757488898403e-03 0.000000000000000000e+00 0.000000000000000000e+00
5.394503141022035514e-02 0.000000000000000000e+00 9.799093464363158035e-02 1.236137554815334716e-01 0.000000000000000000e+00 0.000000000000000000e+00 0.000000000000000000e+00 0.000000000000000000e+00 9.496447381201247873e-02 9.496447381201257587e-02 4.330549688161908911e-02 -6.561536142175603459e+01 1.869663293104535358e-03 1.869663293104526685e-03 0.000000000000000000e+00 0.000000000000000000e+00
5.018558686444637984e-02 0.000000000000000000e+00 0.000000000000000000e+00 -3.801505221541084945e-02 0.000000000000000000e+00 0.000000000000000000e+00 0.000000000000000000e+00 1.494818551483710969e-02 0.000000000000000000e+00 -1.493123897858014693e-02 1.848251757488899921e-03 1.869663293104535358e-03 -6.530741291329329101e+01 9.646005909314799009e-02 0.000000000000000000e+00 0.000000000000000000e+00
5.018558686444644229e-02 0.000000000000000000e+00 0.000000000000000000e+00 -3.801505221541082169e-02 0.000000000000000000e+00 0.000000000000000000e+00 1.494818551483710969e-02 0.000000000000000000e+00 -1.493123897858014693e-02 0.000000000000000000e+00 1.848251757488898403e-03 1.869663293104526685e-03 9.646005909314799009e-02 -6.530741291329330522e+01 0.000000000000000000e+00 0.000000000000000000e+00
4.413055492212727277e-02 0.000000000000000000e+00 3.049373737658957542e-02 0.000000000000000000e+00 0.000000000000000000e+00 0.000000000000000000e+00 0.000000000000000000e+00 0.000000000000000000e+00 0.000000000000000000e+00 0.000000000000000000e+00 0.000000000000000000e+00 0.000000000000000000e+00 0.000000000000000000e+00 0.000000000000000000e+00 -6.587180637412068052e+01 4.062796837417110424e-02
4.410891399030565652e-02 3.049201435924126305e-02 0.000000000000000000e+00 0.000000000000000000e+00 0.000000000000000000e+00 0.000000000000000000e+00 0.000000000000000000e+00 0.000000000000000000e+00 0.000000000000000000e+00 0.000000000000000000e+00 0.000000000000000000e+00 0.000000000000000000e+00 0.000000000000000000e+00 0.000000000000000000e+00 4.062796837417110424e-02 -6.587236689625703434e+01
