-6.718915864923660308e+01 1.355401489402080217e-01 1.355080987290639694e-01 9.538386623306360779e-02 -6.876475375211300867e-02 -6.876475375211295316e-02 7.589280271497279851e-02 7.589280271497284014e-02 -7.589632887114425297e-02 -7.589632887114422521e-02 5.393148395179575560e-02 5.394503141022035514e-02 5.018558686444637984e-02 5.018558686444644229e-02 4.413055492212727277e-02 4.410891399030565652e-02 -3.213014875348052524e-02 -3.213014875348053218e-02 3.886170027719969972e-02 3.886170027719971359e-02 -3.885214520298924806e-02 -3.885214520298926888e-02 3.457360421442393777e-02 2.933457924614611342e-02 2.933457924614604750e-02 -2.933294975898708204e-02 -2.933294975898703347e-02 2.635191549861570087e-02 2.635191549861567312e-02 -2.634194372724907654e-02 -2.634194372724904878e-02 2.632183675388265198e-02
1.355401489402080217e-01 -6.549592044385450151e+01 0.000000000000000000e+00 0.000000000000000000e+00 -3.251050295029862813e-02 -3.251050295029862813e-02 -1.905001719509896718e-02 -1.905001719509896718e-02 0.000000000000000000e+00 0.000000000000000000e+00 9.798244279552273395e-02 0.000000000000000000e+00 0.000000000000000000e+00 0.000000000000000000e+00 0.000000000000000000e+00 3.049201435924126305e-02 3.625425080181426951e-02 3.625425080181426951e-02 -9.494281991007177957e-02 -9.494281991007183508e-02 0.000000000000000000e+00 0.000000000000000000e+00 0.000000000000000000e+00 1.494818551483710969e-02 1.494818551483710969e-02 0.000000000000000000e+00 0.000000000000000000e+00 -2.419940022871690938e-02 -2.419940022871689897e-02 0.000000000000000000e+00 0.000000000000000000e+00 0.000000000000000000e+00
1.355080987290639694e-01 0.000000000000000000e+00 -6.549486064079705727e+01 0.000000000000000000e+00 -3.251050295029869058e-02 -3.251050295029869058e-02 0.000000000000000000e+00 0.000000000000000000e+00 1.906814494086840617e-02 1.906814494086840617e-02 0.000000000000000000e+00 9.799093464363158035e-02 0.000000000000000000e+00 0.000000000000000000e+00 3.049373737658957542e-02 0.000000000000000000e+00 3.625425080181425563e-02 3.625425080181426257e-02 0.000000000000000000e+00 0.000000000000000000e+00 9.496447381201260363e-02 9.496447381201263138e-02 0.000000000000000000e+00 0.000000000000000000e+00 0.000000000000000000e+00 -1.493123897858014693e-02 -1.493123897858014693e-02 0.000000000000000000e+00 0.000000000000000000e+00 -4.064794294577999539e-02 -4.064794294577989825e-02 -4.555663390097383636e-02
9.538386623306360779e-02 0.000000000000000000e+00 0.000000000000000000e+00 -6.460848371409178981e+01 0.000000000000000000e+00 0.000000000000000000e+00 -1.905001719509896718e-02 -1.905001719509896718e-02 1.906814494086833678e-02 1.906814494086833678e-02 1.235823958648402804e-01 1.236137554815334716e-01 -3.801505221541084945e-02 -3.801505221541082169e-02 0.000000000000000000e+00 0.000000000000000000e+00 0.000000000000000000e+00 0.000000000000000000e+00 -9.494281991007183508e-02 -9.494281991007176569e-02 9.496447381201249260e-02 9.496447381201265914e-02 9.646005909314797622e-02 0.000000000000000000e+00 0.000000000000000000e+00 0.000000000000000000e+00 0.000000000000000000e+00 0.000000000000000000e+00 0.000000000000000000e+00 0.000000000000000000e+00 0.000000000000000000e+00 0.000000000000000000e+00
-6.876475375211300867e-02 -3.251050295029862813e-02 -3.251050295029869058e-02 0.000000000000000000e+00 -6.551824256160338678e+01 0.000000000000000000e+00 0.000000000000000000e+00 1.906814494086840617e-02 -1.905001719509896718e-02 0.000000000000000000e+00 0.000000000000000000e+00 0.000000000000000000e+00 0.000000000000000000e+00 0.000000000000000000e+00 0.000000000000000000e+00 0.000000000000000000e+00 4.330549688161908911e-02 4.062796837417116669e-02 0.000000000000000000e+00 0.000000000000000000e+00 0.000000000000000000e+00 0.000000000000000000e+00 0.000000000000000000e+00 0.000000000000000000e+00 -1.493123897858014693e-02 1.494818551483710969e-02 0.000000000000000000e+00 0.000000000000000000e+00 -1.926438671675850464e-02 0.000000000000000000e+00 -4.555663390097380860e-02 0.000000000000000000e+00
-6.876475375211295316e-02 -3.251050295029862813e-02 -3.251050295029869058e-02 0.000000000000000000e+00 0.000000000000000000e+00 -6.551824256160338678e+01 1.906814494086840617e-02 0.000000000000000000e+00 0.000000000000000000e+00 -1.905001719509896718e-02 0.000000000000000000e+00 0.000000000000000000e+00 0.000000000000000000e+00 0.000000000000000000e+00 0.000000000000000000e+00 0.000000000000000000e+00 4.062796837417108342e-02 4.330549688161909605e-02 0.000000000000000000e+00 0.000000000000000000e+00 0.000000000000000000e+00 0.000000000000000000e+00 0.000000000000000000e+00 -1.493123897858014693e-02 0.000000000000000000e+00 0.000000000000000000e+00 1.494818551483710969e-02 -1.926438671675850464e-02 0.000000000000000000e+00 -4.555663390097382942e-02 0.000000000000000000e+00 -4.064794294577999539e-02
7.589280271497279851e-02 -1.905001719509896718e-02 0.000000000000000000e+00 -1.905001719509896718e-02 0.000000000000000000e+00 1.906814494086840617e-02 -6.508708562409925946e+01 0.000000000000000000e+00 -3.251050295029862813e-02 0.000000000000000000e+00 -9.494281991007177957e-02 0.000000000000000000e+00 0.000000000000000000e+00 1.494818551483710969e-02 0.000000000000000000e+00 0.000000000000000000e+00 0.000000000000000000e+00 0.000000000000000000e+00 1.235823958648402943e-01 9.798244279552272007e-02 0.000000000000000000e+00 0.000000000000000000e+00 0.000000000000000000e+00 1.079123289900468796e-02 0.000000000000000000e+00 0.000000000000000000e+00 0.000000000000000000e+00 1.626339497770678058e-02 0.000000000000000000e+00 -4.633433407762233697e-02 0.000000000000000000e+00 -3.012077046361616439e-02
7.589280271497284014e-02 -1.905001719509896718e-02 0.000000000000000000e+00 -1.905001719509896718e-02 1.906814494086840617e-02 0.000000000000000000e+00 0.000000000000000000e+00 -6.508708562409923104e+01 0.000000000000000000e+00 -3.251050295029862813e-02 -9.494281991007175181e-02 0.000000000000000000e+00 1.494818551483710969e-02 0.000000000000000000e+00 0.000000000000000000e+00 0.000000000000000000e+00 0.000000000000000000e+00 0.000000000000000000e+00 9.798244279552269231e-02 1.235823958648403081e-01 0.000000000000000000e+00 0.000000000000000000e+00 0.000000000000000000e+00 0.000000000000000000e+00 1.079123289900471572e-02 0.000000000000000000e+00 0.000000000000000000e+00 0.000000000000000000e+00 1.626339497770678058e-02 0.000000000000000000e+00 -4.633433407762233697e-02 0.000000000000000000e+00
-7.589632887114425297e-02 0.000000000000000000e+00 1.906814494086840617e-02 1.906814494086833678e-02 -1.905001719509896718e-02 0.000000000000000000e+00 -3.251050295029862813e-02 0.000000000000000000e+00 -6.508657946776064307e+01 0.000000000000000000e+00 0.000000000000000000e+00 9.496447381201247873e-02 0.000000000000000000e+00 -1.493123897858014693e-02 0.000000000000000000e+00 0.000000000000000000e+00 0.000000000000000000e+00 0.000000000000000000e+00 0.000000000000000000e+00 0.000000000000000000e+00 1.236137554815334716e-01 9.799093464363151096e-02 0.000000000000000000e+00 0.000000000000000000e+00 0.000000000000000000e+00 1.082039566792269980e-02 0.000000000000000000e+00 0.000000000000000000e+00 0.000000000000000000e+00 -3.012077046361616092e-02 0.000000000000000000e+00 -4.633433407762234391e-02
-7.589632887114422521e-02 0.000000000000000000e+00 1.906814494086840617e-02 1.906814494086833678e-02 0.000000000000000000e+00 -1.905001719509896718e-02 0.000000000000000000e+00 -3.251050295029862813e-02 0.000000000000000000e+00 -6.508657946776062886e+01 0.000000000000000000e+00 9.496447381201257587e-02 -1.493123897858014693e-02 0.000000000000000000e+00 0.000000000000000000e+00 0.000000000000000000e+00 0.000000000000000000e+00 0.000000000000000000e+00 0.000000000000000000e+00 0.000000000000000000e+00 9.799093464363159423e-02 1.236137554815334577e-01 0.000000000000000000e+00 0.000000000000000000e+00 0.000000000000000000e+00 0.000000000000000000e+00 1.082039566792269980e-02 0.000000000000000000e+00 0.000000000000000000e+00 0.000000000000000000e+00 -3.012077046361618868e-02 0.000000000000000000e+00
5.393148395179575560e-02 9.798244279552273395e-02 0.000000000000000000e+00 1.235823958648402804e-01 0.000000000000000000e+00 0.000000000000000000e+00 -9.494281991007177957e-02 -9.494281991007175181e-02 0.000000000000000000e+00 0.000000000000000000e+00 -6.561582077584552053e+01 4.330549688161908911e-02 1.848251757488899921e-03 1.848251757488898403e-03 0.000000000000000000e+00 0.000000000000000000e+00 0.000000000000000000e+00 0.000000000000000000e+00 -5.608111963287210761e-02 -5.608111963287210761e-02 0.000000000000000000e+00 0.000000000000000000e+00 3.049201435924126305e-02 -1.438639373130886669e-02 -1.438639373130884934e-02 0.000000000000000000e+00 0.000000000000000000e+00 -6.481843844486101514e-02 -6.481843844486102901e-02 0.000000000000000000e+00 0.000000000000000000e+00 -4.555663390097381554e-02
5.394503141022035514e-02 0.000000000000000000e+00 9.799093464363158035e-02 1.236137554815334716e-01 0.000000000000000000e+00 0.000000000000000000e+00 0.000000000000000000e+00 0.000000000000000000e+00 9.496447381201247873e-02 9.496447381201257587e-02 4.330549688161908911e-02 -6.561536142175603459e+01 1.869663293104535358e-03 1.869663293104526685e-03 0.000000000000000000e+00 0.000000000000000000e+00 0.000000000000000000e+00 0.000000000000000000e+00 0.000000000000000000e+00 0.000000000000000000e+00 5.611232860902333475e-02 5.611232860902333475e-02 3.049373737658957542e-02 0.000000000000000000e+00 0.000000000000000000e+00 1.440171078040691256e-02 1.440171078040689348e-02 0.000000000000000000e+00 0.000000000000000000e+00 6.478929784452891472e-02 6.478929784452890084e-02 -1.923479714709115315e-02
5.018558686444637984e-02 0.000000000000000000e+00 0.000000000000000000e+00 -3.801505221541084945e-02 0.000000000000000000e+00 0.000000000000000000e+00 0.000000000000000000e+00 1.494818551483710969e-02 0.000000000000000000e+00 -1.493123897858014693e-02 1.848251757488899921e-03 1.869663293104535358e-03 -6.530741291329329101e+01 9.646005909314799009e-02 0.000000000000000000e+00 0.000000000000000000e+00 0.000000000000000000e+00 0.000000000000000000e+00 -1.438639373130887016e-02 0.000000000000000000e+00 1.440171078040695767e-02 0.000000000000000000e+00 -1.498865292516931014e-01 -1.905001719509896718e-02 0.000000000000000000e+00 1.906814494086833678e-02 0.000000000000000000e+00 0.000000000000000000e+00 0.000000000000000000e+00 0.000000000000000000e+00 0.000000000000000000e+00 0.000000000000000000e+00
5.018558686444644229e-02 0.000000000000000000e+00 0.000000000000000000e+00 -3.801505221541082169e-02 0.000000000000000000e+00 0.000000000000000000e+00 1.494818551483710969e-02 0.000000000000000000e+00 -1.493123897858014693e-02 0.000000000000000000e+00 1.848251757488898403e-03 1.869663293104526685e-03 9.646005909314799009e-02 -6.530741291329330522e+01 0.000000000000000000e+00 0.000000000000000000e+00 0.000000000000000000e+00 0.000000000000000000e+00 0.000000000000000000e+00 -1.438639373130886842e-02 0.000000000000000000e+00 1.440171078040688481e-02 -1.498865292516931014e-01 0.000000000000000000e+00 -1.905001719509896718e-02 0.000000000000000000e+00 1.906814494086833678e-02 0.000000000000000000e+00 0.000000000000000000e+00 0.000000000000000000e+00 0.000000000000000000e+00 0.000000000000000000e+00
4.413055492212727277e-02 0.000000000000000000e+00 3.049373737658957542e-02 0.000000000000000000e+00 0.000000000000000000e+00 0.000000000000000000e+00 0.000000000000000000e+00 0.000000000000000000e+00 0.000000000000000000e+00 0.000000000000000000e+00 0.000000000000000000e+00 0.000000000000000000e+00 0.000000000000000000e+00 0.000000000000000000e+00 -6.587180637412068052e+01 4.062796837417110424e-02 0.000000000000000000e+00 0.000000000000000000e+00 0.000000000000000000e+00 0.000000000000000000e+00 0.000000000000000000e+00 0.000000000000000000e+00 9.799093464363158035e-02 0.000000000000000000e+00 0.000000000000000000e+00 1.440171078040694726e-02 1.440171078040692991e-02 0.000000000000000000e+00 0.000000000000000000e+00 0.000000000000000000e+00 0.000000000000000000e+00 0.000000000000000000e+00
4.410891399030565652e-02 3.049201435924126305e-02 0.000000000000000000e+00 0.000000000000000000e+00 0.000000000000000000e+00 0.000000000000000000e+00 0.000000000000000000e+00 0.000000000000000000e+00 0.000000000000000000e+00 0.000000000000000000e+00 0.000000000000000000e+00 0.000000000000000000e+00 0.000000000000000000e+00 0.000000000000000000e+00 4.062796837417110424e-02 -6.587236689625703434e+01 0.000000000000000000e+00 0.000000000000000000e+00 0.000000000000000000e+00 0.000000000000000000e+00 0.000000000000000000e+00 0.000000000000000000e+00 9.798244279552273395e-02 -1.438639373130888403e-02 -1.438639373130888403e-02 0.000000000000000000e+00 0.000000000000000000e+00 0.000000000000000000e+00 0.000000000000000000e+00 0.000000000000000000e+00 0.000000000000000000e+00 0.000000000000000000e+00
-3.213014875348052524e-02 3.625425080181426951e-02 3.625425080181425563e-02 0.000000000000000000e+00 4.330549688161908911e-02 4.062796837417108342e-02 0.000000000000000000e+00 0.000000000000000000e+00 0.000000000000000000e+00 0.000000000000000000e+00 0.000000000000000000e+00 0.000000000000000000e+00 0.000000000000000000e+00 0.000000000000000000e+00 0.000000000000000000e+00 0.000000000000000000e+00 -6.572004141979795122e+01 0.000000000000000000e+00 0.000000000000000000e+00 9.496447381201263138e-02 -9.494281991007177957e-02 0.000000000000000000e+00 0.000000000000000000e+00 0.000000000000000000e+00 0.000000000000000000e+00 0.000000000000000000e+00 0.000000000000000000e+00 0.000000000000000000e+00 -4.555663390097378085e-02 0.000000000000000000e+00 -1.923479714709118091e-02 -6.699761149102886892e-02
-3.213014875348053218e-02 3.625425080181426951e-02 3.625425080181426257e-02 0.000000000000000000e+00 4.062796837417116669e-02 4.330549688161909605e-02 0.000000000000000000e+00 0.000000000000000000e+00 0.000000000000000000e+00 0.000000000000000000e+00 0.000000000000000000e+00 0.000000000000000000e+00 0.000000000000000000e+00 0.000000000000000000e+00 0.000000000000000000e+00 0.000000000000000000e+00 0.000000000000000000e+00 -6.572004141979796543e+01 9.496447381201260363e-02 0.000000000000000000e+00 0.000000000000000000e+00 -9.494281991007183508e-02 0.000000000000000000e+00 0.000000000000000000e+00 0.000000000000000000e+00 0.000000000000000000e+00 0.000000000000000000e+00 -4.555663390097383636e-02 0.000000000000000000e+00 -1.923479714709118091e-02 0.000000000000000000e+00 0.000000000000000000e+00
3.886170027719969972e-02 -9.494281991007177957e-02 0.000000000000000000e+00 -9.494281991007183508e-02 0.000000000000000000e+00 0.000000000000000000e+00 1.235823958648402943e-01 9.798244279552269231e-02 0.000000000000000000e+00 0.000000000000000000e+00 -5.608111963287210761e-02 0.000000000000000000e+00 -1.438639373130887016e-02 0.000000000000000000e+00 0.000000000000000000e+00 0.000000000000000000e+00 0.000000000000000000e+00 9.496447381201260363e-02 -6.521164237870625868e+01 0.000000000000000000e+00 3.625425080181426951e-02 0.000000000000000000e+00 0.000000000000000000e+00 1.848251757488887561e-03 0.000000000000000000e+00 0.000000000000000000e+00 0.000000000000000000e+00 2.176597060189470328e-02 0.000000000000000000e+00 -4.633433407762233697e-02 0.000000000000000000e+00 0.000000000000000000e+00
3.886170027719971359e-02 -9.494281991007183508e-02 0.000000000000000000e+00 -9.494281991007176569e-02 0.000000000000000000e+00 0.000000000000000000e+00 9.798244279552272007e-02 1.235823958648403081e-01 0.000000000000000000e+00 0.000000000000000000e+00 -5.608111963287210761e-02 0.000000000000000000e+00 0.000000000000000000e+00 -1.438639373130886842e-02 0.000000000000000000e+00 0.000000000000000000e+00 9.496447381201263138e-02 0.000000000000000000e+00 0.000000000000000000e+00 -6.521164237870624447e+01 0.000000000000000000e+00 3.625425080181426951e-02 0.000000000000000000e+00 0.000000000000000000e+00 1.848251757488891464e-03 0.000000000000000000e+00 0.000000000000000000e+00 0.000000000000000000e+00 2.176597060189470675e-02 0.000000000000000000e+00 -4.633433407762233697e-02 0.000000000000000000e+00
-3.885214520298924806e-02 0.000000000000000000e+00 9.496447381201260363e-02 9.496447381201249260e-02 0.000000000000000000e+00 0.000000000000000000e+00 0.000000000000000000e+00 0.000000000000000000e+00 1.236137554815334716e-01 9.799093464363159423e-02 0.000000000000000000e+00 5.611232860902333475e-02 1.440171078040695767e-02 0.000000000000000000e+00 0.000000000000000000e+00 0.000000000000000000e+00 -9.494281991007177957e-02 0.000000000000000000e+00 3.625425080181426951e-02 0.000000000000000000e+00 -6.521109490674876952e+01 0.000000000000000000e+00 0.000000000000000000e+00 0.000000000000000000e+00 0.000000000000000000e+00 1.869663293104532539e-03 0.000000000000000000e+00 0.000000000000000000e+00 0.000000000000000000e+00 -2.457611609893278065e-02 0.000000000000000000e+00 -2.179389594107413591e-02
-3.885214520298926888e-02 0.000000000000000000e+00 9.496447381201263138e-02 9.496447381201265914e-02 0.000000000000000000e+00 0.000000000000000000e+00 0.000000000000000000e+00 0.000000000000000000e+00 9.799093464363151096e-02 1.236137554815334577e-01 0.000000000000000000e+00 5.611232860902333475e-02 0.000000000000000000e+00 1.440171078040688481e-02 0.000000000000000000e+00 0.000000000000000000e+00 0.000000000000000000e+00 -9.494281991007183508e-02 0.000000000000000000e+00 3.625425080181426951e-02 0.000000000000000000e+00 -6.521109490674876952e+01 0.000000000000000000e+00 0.000000000000000000e+00 0.000000000000000000e+00 0.000000000000000000e+00 1.869663293104517577e-03 0.000000000000000000e+00 0.000000000000000000e+00 0.000000000000000000e+00 -2.457611609893278065e-02 0.000000000000000000e+00
3.457360421442393777e-02 0.000000000000000000e+00 0.000000000000000000e+00 9.646005909314797622e-02 0.000000000000000000e+00 0.000000000000000000e+00 0.000000000000000000e+00 0.000000000000000000e+00 0.000000000000000000e+00 0.000000000000000000e+00 3.049201435924126305e-02 3.049373737658957542e-02 -1.498865292516931014e-01 -1.498865292516931014e-01 9.799093464363158035e-02 9.798244279552273395e-02 0.000000000000000000e+00 0.000000000000000000e+00 0.000000000000000000e+00 0.000000000000000000e+00 0.000000000000000000e+00 0.000000000000000000e+00 -6.581412513277507514e+01 1.494818551483719817e-02 1.494818551483719817e-02 -1.493123897858013825e-02 -1.493123897858013825e-02 0.000000000000000000e+00 0.000000000000000000e+00 0.000000000000000000e+00 0.000000000000000000e+00 0.000000000000000000e+00
2.933457924614611342e-02 1.494818551483710969e-02 0.000000000000000000e+00 0.000000000000000000e+00 0.000000000000000000e+00 -1.493123897858014693e-02 1.079123289900468796e-02 0.000000000000000000e+00 0.000000000000000000e+00 0.000000000000000000e+00 -1.438639373130886669e-02 0.000000000000000000e+00 -1.905001719509896718e-02 0.000000000000000000e+00 0.000000000000000000e+00 -1.438639373130888403e-02 0.000000000000000000e+00 0.000000000000000000e+00 1.848251757488887561e-03 0.000000000000000000e+00 0.000000000000000000e+00 0.000000000000000000e+00 1.494818551483719817e-02 -6.584619009515918719e+01 0.000000000000000000e+00 -3.251050295029862813e-02 0.000000000000000000e+00 -4.411494748335270666e-03 0.000000000000000000e+00 -8.660742389586762943e-03 0.000000000000000000e+00 -1.309277380602618529e-02
2.933457924614604750e-02 1.494818551483710969e-02 0.000000000000000000e+00 0.000000000000000000e+00 -1.493123897858014693e-02 0.000000000000000000e+00 0.000000000000000000e+00 1.079123289900471572e-02 0.000000000000000000e+00 0.000000000000000000e+00 -1.438639373130884934e-02 0.000000000000000000e+00 0.000000000000000000e+00 -1.905001719509896718e-02 0.000000000000000000e+00 -1.438639373130888403e-02 0.000000000000000000e+00 0.000000000000000000e+00 0.000000000000000000e+00 1.848251757488891464e-03 0.000000000000000000e+00 0.000000000000000000e+00 1.494818551483719817e-02 0.000000000000000000e+00 -6.584619009515918719e+01 0.000000000000000000e+00 -3.251050295029862813e-02 0.000000000000000000e+00 -4.411494748335270666e-03 0.000000000000000000e+00 -8.660742389586754270e-03 0.000000000000000000e+00
-2.933294975898708204e-02 0.000000000000000000e+00 -1.493123897858014693e-02 0.000000000000000000e+00 1.494818551483710969e-02 0.000000000000000000e+00 0.000000000000000000e+00 0.000000000000000000e+00 1.082039566792269980e-02 0.000000000000000000e+00 0.000000000000000000e+00 1.440171078040691256e-02 1.906814494086833678e-02 0.000000000000000000e+00 1.440171078040694726e-02 0.000000000000000000e+00 0.000000000000000000e+00 0.000000000000000000e+00 0.000000000000000000e+00 0.000000000000000000e+00 1.869663293104532539e-03 0.000000000000000000e+00 -1.493123897858013825e-02 -3.251050295029862813e-02 0.000000000000000000e+00 -6.584572153561011021e+01 0.000000000000000000e+00 0.000000000000000000e+00 0.000000000000000000e+00 -1.309277380602618876e-02 0.000000000000000000e+00 -8.660742389586757739e-03
-2.933294975898703347e-02 0.000000000000000000e+00 -1.493123897858014693e-02 0.000000000000000000e+00 0.000000000000000000e+00 1.494818551483710969e-02 0.000000000000000000e+00 0.000000000000000000e+00 0.000000000000000000e+00 1.082039566792269980e-02 0.000000000000000000e+00 1.440171078040689348e-02 0.000000000000000000e+00 1.906814494086833678e-02 1.440171078040692991e-02 0.000000000000000000e+00 0.000000000000000000e+00 0.000000000000000000e+00 0.000000000000000000e+00 0.000000000000000000e+00 0.000000000000000000e+00 1.869663293104517577e-03 -1.493123897858013825e-02 0.000000000000000000e+00 -3.251050295029862813e-02 0.000000000000000000e+00 -6.584572153561012442e+01 0.000000000000000000e+00 0.000000000000000000e+00 0.000000000000000000e+00 -1.309277380602615580e-02 0.000000000000000000e+00
2.635191549861570087e-02 -2.419940022871690938e-02 0.000000000000000000e+00 0.000000000000000000e+00 0.000000000000000000e+00 -1.926438671675850464e-02 1.626339497770678058e-02 0.000000000000000000e+00 0.000000000000000000e+00 0.000000000000000000e+00 -6.481843844486101514e-02 0.000000000000000000e+00 0.000000000000000000e+00 0.000000000000000000e+00 0.000000000000000000e+00 0.000000000000000000e+00 0.000000000000000000e+00 -4.555663390097383636e-02 2.176597060189470328e-02 0.000000000000000000e+00 0.000000000000000000e+00 0.000000000000000000e+00 0.000000000000000000e+00 -4.411494748335270666e-03 0.000000000000000000e+00 0.000000000000000000e+00 0.000000000000000000e+00 -6.560793576966565865e+01 9.798244279552272007e-02 4.330549688161908911e-02 0.000000000000000000e+00 3.625425080181426951e-02
2.635191549861567312e-02 -2.419940022871689897e-02 0.000000000000000000e+00 0.000000000000000000e+00 -1.926438671675850464e-02 0.000000000000000000e+00 0.000000000000000000e+00 1.626339497770678058e-02 0.000000000000000000e+00 0.000000000000000000e+00 -6.481843844486102901e-02 0.000000000000000000e+00 0.000000000000000000e+00 0.000000000000000000e+00 0.000000000000000000e+00 0.000000000000000000e+00 -4.555663390097378085e-02 0.000000000000000000e+00 0.000000000000000000e+00 2.176597060189470675e-02 0.000000000000000000e+00 0.000000000000000000e+00 0.000000000000000000e+00 0.000000000000000000e+00 -4.411494748335270666e-03 0.000000000000000000e+00 0.000000000000000000e+00 9.798244279552272007e-02 -6.560793576966564444e+01 0.000000000000000000e+00 4.330549688161908911e-02 0.000000000000000000e+00
-2.634194372724907654e-02 0.000000000000000000e+00 -4.064794294577999539e-02 0.000000000000000000e+00 0.000000000000000000e+00 -4.555663390097382942e-02 -4.633433407762233697e-02 0.000000000000000000e+00 -3.012077046361616092e-02 0.000000000000000000e+00 0.000000000000000000e+00 6.478929784452891472e-02 0.000000000000000000e+00 0.000000000000000000e+00 0.000000000000000000e+00 0.000000000000000000e+00 0.000000000000000000e+00 -1.923479714709118091e-02 -4.633433407762233697e-02 0.000000000000000000e+00 -2.457611609893278065e-02 0.000000000000000000e+00 0.000000000000000000e+00 -8.660742389586762943e-03 0.000000000000000000e+00 -1.309277380602618876e-02 0.000000000000000000e+00 4.330549688161908911e-02 0.000000000000000000e+00 -6.556338874100757153e+01 9.798244279552272007e-02 4.124102048333744275e-03
-2.634194372724904878e-02 0.000000000000000000e+00 -4.064794294577989825e-02 0.000000000000000000e+00 -4.555663390097380860e-02 0.000000000000000000e+00 0.000000000000000000e+00 -4.633433407762233697e-02 0.000000000000000000e+00 -3.012077046361618868e-02 0.000000000000000000e+00 6.478929784452890084e-02 0.000000000000000000e+00 0.000000000000000000e+00 0.000000000000000000e+00 0.000000000000000000e+00 -1.923479714709118091e-02 0.000000000000000000e+00 0.000000000000000000e+00 -4.633433407762233697e-02 0.000000000000000000e+00 -2.457611609893278065e-02 0.000000000000000000e+00 0.000000000000000000e+00 -8.660742389586754270e-03 0.000000000000000000e+00 -1.309277380602615580e-02 0.000000000000000000e+00 4.330549688161908911e-02 9.798244279552272007e-02 -6.556338874100755731e+01 0.000000000000000000e+00
2.632183675388265198e-02 0.000000000000000000e+00 -4.555663390097383636e-02 0.000000000000000000e+00 0.000000000000000000e+00 -4.064794294577999539e-02 -3.012077046361616439e-02 0.000000000000000000e+00 -4.633433407762234391e-02 0.000000000000000000e+00 -4.555663390097381554e-02 -1.923479714709115315e-02 0.000000000000000000e+00 0.000000000000000000e+00 0.000000000000000000e+00 0.000000000000000000e+00 -6.699761149102886892e-02 0.000000000000000000e+00 0.000000000000000000e+00 0.000000000000000000e+00 -2.179389594107413591e-02 0.000000000000000000e+00 0.000000000000000000e+00 -1.309277380602618529e-02 0.000000000000000000e+00 -8.660742389586757739e-03 0.000000000000000000e+00 3.625425080181426951e-02 0.000000000000000000e+00 4.124102048333744275e-03 0.000000000000000000e+00 -6.572244598505022850e+01
