counts:[1, 2, 3, 4, 5, 6, 7, 8, 9, 10, 11, 12, 13, 14, 15, 16, 17, 18, 19]
 energies:[-1.0662063007140183, -0.6520064766366024, -0.986701530216123, -1.092982369036672, -0.9834772599806648, -1.0957291623511418, -1.0834836650665243, -1.1026780979062356, -1.0998107468416247, -1.097036610426608, -1.0992758775816855, -1.1015203076042606, -1.0993618411346113, -1.0956774650801506, -1.1021778217652485, -1.0973883670646254, -1.1003297991088044, -1.1003213006691324, -1.0992285368677446]
 std_values:[0.001407632178483134, 0.0032845623721090324, 0.0032688525786799, 0.0021793801851567375, 0.0032804870873717443, 0.0016872728600795103, 0.0014883526511051792, 0.001715751897797644, 0.0019179373873174424, 0.0018614286026603856, 0.0017494562177016823, 0.001772201169385663, 0.0017702218603126425, 0.0018115254926709347, 0.0017423501440265163, 0.0017777732738627186, 0.0017628578876184894, 0.0017820612742081912, 0.0017718736488124972]
 ci_ground energy:-1.1011503301329562