counts:[1, 2, 3, 4, 5, 6, 7, 8, 9, 10, 11, 12, 13, 14, 15, 16, 17, 18, 19, 20, 21, 22]
 energies:[-0.9414806545013791, -0.616301964534376, -0.991635198462738, -0.720653739999909, -0.8859682279260467, -1.013239669200983, -1.011783691958168, -1.0052690900911845, -1.0150588335928927, -1.0154225575709535, -1.0143294208008138, -1.0150579632364174, -1.0154682490497455, -1.015422847784241, -1.0154569348384976, -1.0154653660691455, -1.015467555512485, -1.0154680620610912, -1.0154682091047298, -1.0154682356624165, -1.0154682481128487, -1.0154682462554083]
 std_values:[0.0, 0.0, 0.0, 0.0, 0.0, 0.0, 0.0, 0.0, 0.0, 0.0, 0.0, 0.0, 0.0, 0.0, 0.0, 0.0, 0.0, 0.0, 0.0, 0.0, 0.0, 0.0]
 ci_ground energy:-1.0154682491653269