counts:[1, 2, 3, 4, 5, 6, 7, 8, 9, 10, 11, 12, 13, 14, 15, 16, 17, 18, 19, 20, 21, 22]
 energies:[-1.0051067063876666, -0.6445198991410309, -0.9975867666161494, -1.0566727040360533, -0.9975867666161494, -1.040682519471389, -1.05412425870112, -1.0553004389807885, -1.056697088783229, -1.0565437630899286, -1.0567323747121908, -1.0567400725965643, -1.0567201819665115, -1.0567335758094298, -1.0567407345591224, -1.0567396722287818, -1.0567404189304654, -1.0567407307209562, -1.056740696065078, -1.0567407425484783, -1.0567407460177027, -1.056740744966795]
 std_values:[0.0, 0.0, 0.0, 0.0, 0.0, 0.0, 0.0, 0.0, 0.0, 0.0, 0.0, 0.0, 0.0, 0.0, 0.0, 0.0, 0.0, 0.0, 0.0, 0.0, 0.0, 0.0]
 ci_ground energy:-1.0567407461794303