-1.961109575552151796e+01 8.413146300805629529e-02 5.292232810521502184e-02 5.292232810521502184e-02 7.312657726880063269e-02 -6.782438363637995071e-02 -6.782438363637986745e-02 -6.175457801420694559e-02 -6.175457801420701498e-02 7.734999224331381984e-02 5.679416524029068380e-02 2.568888851639528070e-11 2.568889545528918461e-11 0.000000000000000000e+00 0.000000000000000000e+00 0.000000000000000000e+00
8.413146300805629529e-02 -1.819210825894560202e+01 0.000000000000000000e+00 0.000000000000000000e+00 1.677096182594113583e-01 1.452962636352483350e-01 1.452962636352482517e-01 8.354168562104133389e-02 8.354168562104133389e-02 1.465024610369881908e-01 0.000000000000000000e+00 -1.005998913148554996e-01 -1.005998913148554996e-01 4.772822257906601806e-02 4.772822257906603194e-02 4.772822257906601112e-02
5.292232810521502184e-02 0.000000000000000000e+00 -1.878176947017584553e+01 2.424937922117121475e-02 5.067289300203312030e-02 0.000000000000000000e+00 0.000000000000000000e+00 0.000000000000000000e+00 0.000000000000000000e+00 0.000000000000000000e+00 1.552929210469786332e-02 -4.772822257906603888e-02 -4.772822257906601112e-02 1.005998913148555135e-01 1.005998913148555690e-01 0.000000000000000000e+00
5.292232810521502184e-02 0.000000000000000000e+00 2.424937922117121475e-02 -1.878176947017584553e+01 5.067289300203310642e-02 0.000000000000000000e+00 0.000000000000000000e+00 0.000000000000000000e+00 0.000000000000000000e+00 0.000000000000000000e+00 1.552929210469785812e-02 -4.772822257906602500e-02 -4.772822257906599724e-02 0.000000000000000000e+00 0.000000000000000000e+00 1.005998913148555135e-01
7.312657726880063269e-02 1.677096182594113583e-01 5.067289300203312030e-02 5.067289300203310642e-02 -1.815306595185023042e+01 7.747187999886835652e-02 7.747187999886835652e-02 1.452962636352483905e-01 1.452962636352483072e-01 0.000000000000000000e+00 1.465024610369881908e-01 8.788806239149231370e-03 8.788806239149224431e-03 0.000000000000000000e+00 0.000000000000000000e+00 0.000000000000000000e+00
-6.782438363637995071e-02 1.452962636352483350e-01 0.000000000000000000e+00 0.000000000000000000e+00 7.747187999886835652e-02 -1.749526033889723564e+01 0.000000000000000000e+00 1.677096182594113583e-01 1.465024610369875802e-01 7.747187999886835652e-02 1.452962636352482517e-01 0.000000000000000000e+00 -2.118178651686100644e-02 0.000000000000000000e+00 1.397469762036949309e-02 0.000000000000000000e+00
-6.782438363637986745e-02 1.452962636352482517e-01 0.000000000000000000e+00 0.000000000000000000e+00 7.747187999886835652e-02 0.000000000000000000e+00 -1.749526033889723564e+01 1.465024610369879132e-01 1.677096182594113583e-01 7.747187999886835652e-02 1.452962636352483350e-01 -2.118178651686103420e-02 0.000000000000000000e+00 1.397469762036949656e-02 0.000000000000000000e+00 1.397469762036949135e-02
-6.175457801420694559e-02 8.354168562104133389e-02 0.000000000000000000e+00 0.000000000000000000e+00 1.452962636352483905e-01 1.677096182594113583e-01 1.465024610369879132e-01 -1.750481128016100740e+01 0.000000000000000000e+00 1.452962636352483072e-01 8.354168562104133389e-02 -1.022145162745280722e-01 5.169228370629275204e-02 0.000000000000000000e+00 0.000000000000000000e+00 0.000000000000000000e+00
-6.175457801420701498e-02 8.354168562104133389e-02 0.000000000000000000e+00 0.000000000000000000e+00 1.452962636352483072e-01 1.465024610369875802e-01 1.677096182594113583e-01 0.000000000000000000e+00 -1.750481128016100030e+01 1.452962636352483905e-01 8.354168562104133389e-02 5.169228370629274510e-02 -1.022145162745284191e-01 0.000000000000000000e+00 0.000000000000000000e+00 0.000000000000000000e+00
7.734999224331381984e-02 1.465024610369881908e-01 0.000000000000000000e+00 0.000000000000000000e+00 0.000000000000000000e+00 7.747187999886835652e-02 7.747187999886835652e-02 1.452962636352483072e-01 1.452962636352483905e-01 -1.681608728529661079e+01 1.677096182594113583e-01 0.000000000000000000e+00 0.000000000000000000e+00 0.000000000000000000e+00 0.000000000000000000e+00 0.000000000000000000e+00
5.679416524029068380e-02 0.000000000000000000e+00 1.552929210469786332e-02 1.552929210469785812e-02 1.465024610369881908e-01 1.452962636352482517e-01 1.452962636352483350e-01 8.354168562104133389e-02 8.354168562104133389e-02 1.677096182594113583e-01 -1.675851105446744782e+01 6.622978995469694374e-02 6.622978995469699925e-02 0.000000000000000000e+00 0.000000000000000000e+00 0.000000000000000000e+00
2.568888851639528070e-11 -1.005998913148554996e-01 -4.772822257906603888e-02 -4.772822257906602500e-02 8.788806239149231370e-03 0.000000000000000000e+00 -2.118178651686103420e-02 -1.022145162745280722e-01 5.169228370629274510e-02 0.000000000000000000e+00 6.622978995469694374e-02 -1.889127371964117685e+01 7.312657726880068820e-02 1.705218412033365424e-02 0.000000000000000000e+00 1.705218412033365077e-02
2.568889545528918461e-11 -1.005998913148554996e-01 -4.772822257906601112e-02 -4.772822257906599724e-02 8.788806239149224431e-03 -2.118178651686100644e-02 0.000000000000000000e+00 5.169228370629275204e-02 -1.022145162745284191e-01 0.000000000000000000e+00 6.622978995469699925e-02 7.312657726880068820e-02 -1.889127371964117685e+01 0.000000000000000000e+00 1.705218412033365424e-02 0.000000000000000000e+00
0.000000000000000000e+00 4.772822257906601806e-02 1.005998913148555135e-01 0.000000000000000000e+00 0.000000000000000000e+00 0.000000000000000000e+00 1.397469762036949656e-02 0.000000000000000000e+00 0.000000000000000000e+00 0.000000000000000000e+00 0.000000000000000000e+00 1.705218412033365424e-02 0.000000000000000000e+00 -1.818712148053966615e+01 7.312657726880068820e-02 2.424937922117121475e-02
0.000000000000000000e+00 4.772822257906603194e-02 1.005998913148555690e-01 0.000000000000000000e+00 0.000000000000000000e+00 1.397469762036949309e-02 0.000000000000000000e+00 0.000000000000000000e+00 0.000000000000000000e+00 0.000000000000000000e+00 0.000000000000000000e+00 0.000000000000000000e+00 1.705218412033365424e-02 7.312657726880068820e-02 -1.818712148053966615e+01 0.000000000000000000e+00
0.000000000000000000e+00 4.772822257906601112e-02 0.000000000000000000e+00 1.005998913148555135e-01 0.000000000000000000e+00 0.000000000000000000e+00 1.397469762036949135e-02 0.000000000000000000e+00 0.000000000000000000e+00 0.000000000000000000e+00 0.000000000000000000e+00 1.705218412033365077e-02 0.000000000000000000e+00 2.424937922117121475e-02 0.000000000000000000e+00 -1.818712148053966615e+01
