counts:[1, 2, 3, 4, 5, 6, 7, 8, 9, 10, 11, 12, 13, 14, 15, 16, 17, 18, 19, 20, 21, 22, 23, 24]
 energies:[-1.0919140409220964, -0.6467364941146535, -0.9674575958064698, -1.1074322476679654, -1.0555763433166767, -1.1186595076926693, -1.1198011598877633, -1.1108393891525785, -1.116578143613053, -1.1204649477865591, -1.1204958521671298, -1.120273939462023, -1.1205474711160868, -1.120559526790391, -1.1205320184542256, -1.1205507180752776, -1.1205602220103223, -1.1205584444651557, -1.120559642333173, -1.1205602800271248, -1.1205601834960488, -1.1205602510800707, -1.1205602807298822, -1.120560274950432]
 std_values:[0.0, 0.0, 0.0, 0.0, 0.0, 0.0, 0.0, 0.0, 0.0, 0.0, 0.0, 0.0, 0.0, 0.0, 0.0, 0.0, 0.0, 0.0, 0.0, 0.0, 0.0, 0.0, 0.0, 0.0]
 ci_ground energy:-1.1205602812268736