counts:[1, 2, 3, 4, 5, 6, 7, 8, 9, 10, 11, 12, 13, 14, 15, 16, 17, 18, 19, 20]
 energies:[-0.911400078162965, -0.5980919322761005, -0.9863935327994051, -0.7536503312530165, -0.9016470790926536, -0.9991332342282824, -0.991556130157317, -0.9948530173874812, -0.9988620073502454, -0.9982797334125484, -0.9984164780360065, -0.9989031995805409, -0.9960201856584165, -0.9981378607699698, -0.9982498651805538, -0.9980744606830301, -0.9979261357802303, -0.9985252890618579, -1.0019533387786626, -0.9980047793845139]
 std_values:[0.001626078659172114, 0.001777366568618283, 0.0017643947337594701, 0.0017948400450594284, 0.0018236484694579465, 0.0017139608416256202, 0.0016638975377574461, 0.0017036937923572593, 0.0017227559119035527, 0.0017152843818043677, 0.0017205095321473067, 0.0017142256337213154, 0.0017325515002516371, 0.0017195802664539868, 0.0017195572259066476, 0.0017211918590909422, 0.0017213087753194308, 0.001719005089424634, 0.00170163536110504, 0.0017206994032643993]
 ci_ground energy:-0.9981493533579175