counts=[1, 2, 3, 4, 5, 6, 7, 8, 9, 10, 11, 12, 13, 14, 15, 16, 17, 18, 19, 20, 21]
energies=[-77.07395470569412, -76.78006848721952, -77.06567763231638, -77.11508415399913, -77.06567763231638, -77.10145281041355, -77.11327520528712, -77.11382298861702, -77.11517332512261, -77.11490132157027, -77.1150824618451, -77.1151848950941, -77.11517388921988, -77.115182214128, -77.1151841190827, -77.11518475397583, -77.11518483337221, -77.11518489288477, -77.1151848896344, -77.11518489685491, -77.11518489491692]
std_values=[0.0, 0.0, 0.0, 0.0, 0.0, 0.0, 0.0, 0.0, 0.0, 0.0, 0.0, 0.0, 0.0, 0.0, 0.0, 0.0, 0.0, 0.0, 0.0, 0.0, 0.0]
ci_ground_energy=-77.115184896856