-8.790987096631777575e+00 1.251023963979495668e-01 3.589992610161059361e-02 3.589992610161062137e-02 7.415946377820059610e-09 7.415946377820059610e-09 1.415349242130650199e-02 2.289442930870475013e-02
1.251023963979495668e-01 -7.817397434952026103e+00 -2.356095788247038192e-02 -2.356095788247037845e-02 -3.292921688957805432e-02 -3.292921688957807513e-02 2.678418856769304232e-02 1.982775610797994290e-02
3.589992610161059361e-02 -2.356095788247038192e-02 -8.121865141241714880e+00 2.678418856769303885e-02 -1.050476504057884682e-02 1.367274307402826239e-01 -1.040803339328799787e-01 1.350281270909902374e-02
3.589992610161062137e-02 -2.356095788247037845e-02 2.678418856769303885e-02 -8.121865141241716657e+00 1.367274307402826239e-01 -1.050476504057890233e-02 -1.040803339328799787e-01 1.350281270909901507e-02
7.415946377820059610e-09 -3.292921688957805432e-02 -1.050476504057884682e-02 1.367274307402826239e-01 -8.643930612195070751e+00 1.415349242130649332e-02 5.913456346183098428e-02 1.938323851933875311e-02
7.415946377820059610e-09 -3.292921688957807513e-02 1.367274307402826239e-01 -1.050476504057890233e-02 1.415349242130649332e-02 -8.643930612195068974e+00 5.913456346183098428e-02 1.938323851933874964e-02
1.415349242130650199e-02 2.678418856769304232e-02 -1.040803339328799787e-01 -1.040803339328799787e-01 5.913456346183098428e-02 5.913456346183098428e-02 -8.121595519540750985e+00 4.126931193894246147e-02
2.289442930870475013e-02 1.982775610797994290e-02 1.350281270909902374e-02 1.350281270909901507e-02 1.938323851933875311e-02 1.938323851933874964e-02 4.126931193894246147e-02 -8.132057781391772266e+00
