counts:[1, 2, 3, 4, 5, 6, 7, 8, 9, 10, 11, 12, 13, 14, 15, 16, 17, 18, 19, 20, 21]
 energies:[-15.561278032298537, -15.21915064738297, -15.359280075462662, -15.52874693535845, -15.522279502794758, -15.567041368575483, -15.563479468023393, -15.566426010499095, -15.56647374644423, -15.567106364792076, -15.567025451412826, -15.567084146402182, -15.56710379475147, -15.56710422998802, -15.567106577238116, -15.567106219713038, -15.567106469721962, -15.567106577561395, -15.567106567409892, -15.56710658173632, -15.567106579934661]
 std_values:[0.0, 0.0, 0.0, 0.0, 0.0, 0.0, 0.0, 0.0, 0.0, 0.0, 0.0, 0.0, 0.0, 0.0, 0.0, 0.0, 0.0, 0.0, 0.0, 0.0, 0.0]
 ci_ground energy:-15.567106581854128