counts:[1, 2, 3, 4, 5, 6, 7, 8, 9, 10, 11, 12, 13, 14, 15, 16, 17, 18, 19, 20, 21, 22, 23, 24, 25, 26, 27, 28, 29, 30, 31, 32, 33, 34, 35, 36, 37, 38, 39, 40, 41, 42, 43, 44, 45, 46]
 energies:[-74.95039355527963, -74.58297503019432, -74.69354587844037, -74.45977881281044, -74.70697337903694, -74.5686035316662, -74.86365864306428, -74.91607628644611, -74.96982662759939, -74.9522062263316, -74.93619007044123, -74.97680119237548, -74.9619442384756, -74.97659012652038, -74.9789538601274, -74.97305130966659, -74.98104902614155, -74.976241203341, -74.97444967727137, -74.97595079288647, -74.98010827298258, -74.98340982774153, -74.97685366687499, -74.97944502224132, -74.97460160021856, -74.98280130601641, -74.97874659897437, -74.98085925151375, -74.97985759192176, -74.9787521859512, -74.98293187976658, -74.9850791097618, -74.97905267975061, -74.98160981735533, -74.9752963680301, -74.98354887476789, -74.98203978398256, -74.97836232192849, -74.97634719209238, -74.98035021669816, -74.9772962873952, -74.98124305552466, -74.98166173850588, -74.97767384184893, -74.97887186075272, -74.98107607156372]
 std_values:[0.002001347065513747, 0.004518507312211692, 0.0037997981965455924, 0.0054030233640469825, 0.0037866831997328647, 0.005335829687966616, 0.0038445577233666307, 0.0024792461967722123, 0.001553159392024145, 0.0014865579468359884, 0.0017949025298992331, 0.001808339252459117, 0.002275578856714983, 0.0018487945282246508, 0.0017338311739587922, 0.0018781340978624612, 0.0018182677108735971, 0.0018996815835134824, 0.0019510664709090418, 0.001958711715060282, 0.0018544743021850327, 0.0018494243585569067, 0.0018845297258171187, 0.001953280236841055, 0.001952262452511197, 0.0018310448545402727, 0.0018374808096274944, 0.00184725678570662, 0.0018771693337843595, 0.0019151230381643136, 0.0018260955795356838, 0.0017927595056897606, 0.0018672580427816132, 0.0018599707494824994, 0.0019937818877825164, 0.0017902058869189769, 0.0018195413830752083, 0.0018370613599099541, 0.0019190623919037992, 0.0018260259900589068, 0.0019139232769223265, 0.001838468939218853, 0.0017592387053634612, 0.0019205456697163944, 0.001854849094178054, 0.0017738224558613883]
 ci_ground energy:-74.98246438333959