counts:[1, 2, 3, 4, 5, 6, 7, 8, 9, 10, 11, 12, 13, 14, 15, 16, 17, 18, 19, 20, 21]
 energies:[-1.0031681941540649, -0.6444921277517611, -0.9951665333170056, -1.0575915863167813, -0.9984945724340412, -1.0423317363466085, -1.0533742455687505, -1.0595381218352173, -1.0537102005944585, -1.0580260727340431, -1.056935629579526, -1.0521480889700192, -1.051289966545382, -1.0602890451452072, -1.0603936066333741, -1.0544752286795416, -1.057396550789909, -1.0595552434261872, -1.0560074953699594, -1.0583862275822877, -1.05314539621632]
 std_values:[0.0015104883023979573, 0.0025169104777176747, 0.002524044558664568, 0.0018833798648449879, 0.0025096678687546057, 0.0016136369308856777, 0.002050943505160016, 0.0017759020606175583, 0.0017321244646970242, 0.0018401175940928967, 0.001794440990157327, 0.0018528837511528012, 0.001828544079017112, 0.0017878813195678846, 0.0017866514623936438, 0.0018410536906166399, 0.0017997178429181634, 0.0017996194579997698, 0.0018246066307503136, 0.0017962661044779887, 0.0018406601951862626]
 ci_ground energy:-1.0567407461794303