counts:[1, 2, 3, 4, 5, 6, 7, 8, 9, 10, 11, 12, 13, 14, 15, 16, 17, 18, 19, 20, 21, 22, 23]
 energies:[-1.03653887486935, -0.6527889655211124, -0.9948001799167433, -1.077315019443676, -0.9948001799167433, -1.0508908424792311, -1.078813094251784, -1.0724297834698495, -1.0766032600919253, -1.0791786480775287, -1.079050656594322, -1.0791763489845043, -1.0791335237854036, -1.0791896419714302, -1.0791929234343272, -1.0791884924161472, -1.0791916719839039, -1.079192826113759, -1.0791927913331083, -1.079192944294562, -1.0791929350278782, -1.0791929441416919, -1.0791929393929736]
 std_values:[0.0, 0.0, 0.0, 0.0, 0.0, 0.0, 0.0, 0.0, 0.0, 0.0, 0.0, 0.0, 0.0, 0.0, 0.0, 0.0, 0.0, 0.0, 0.0, 0.0, 0.0, 0.0, 0.0]
 ci_ground energy:-1.0791929448522461