counts:[1, 2, 3, 4, 5, 6, 7, 8, 9, 10, 11, 12, 13, 14, 15, 16, 17, 18, 19, 20, 21, 22]
 energies:[-55.455419387479154, -54.952177435554376, -55.18028364077382, -55.41675985478119, -55.39556688035721, -55.46571221544205, -55.46263321932874, -55.465846090149896, -55.46465751977223, -55.466126581956246, -55.466197769842935, -55.466059636430444, -55.466154867389065, -55.46619959693753, -55.46619560440678, -55.46620036668418, -55.46620031875048, -55.46620044492741, -55.46620031875048, -55.466200407391455, -55.46620044554881, -55.4662004375962]
 std_values:[0.0, 0.0, 0.0, 0.0, 0.0, 0.0, 0.0, 0.0, 0.0, 0.0, 0.0, 0.0, 0.0, 0.0, 0.0, 0.0, 0.0, 0.0, 0.0, 0.0, 0.0, 0.0]
 ci_ground energy:-55.466200446332365