-1.638403099755694470e+01 2.289967259884069239e-01 -1.185178801251295932e-01 -1.185178801251295932e-01 -1.053250560390389251e-01 -1.053250560390389529e-01 0.000000000000000000e+00 0.000000000000000000e+00 0.000000000000000000e+00 7.070603165108069188e-02 7.070603165108070576e-02 6.833856839522806093e-02 6.833856839522808868e-02 6.140430626760336880e-02 -3.510317095745224547e-02 -3.510317095745225935e-02
2.289967259884069239e-01 -1.645600465658521117e+01 2.461207831983003302e-08 2.461207826431888179e-08 -5.577219608365879822e-08 -5.577219608365879822e-08 6.140430626760336880e-02 6.833856839522806093e-02 6.833856839522808868e-02 -6.924519506168913541e-02 -6.924519506168916316e-02 0.000000000000000000e+00 0.000000000000000000e+00 0.000000000000000000e+00 3.414202410423688300e-02 3.414202410423688300e-02
-1.185178801251295932e-01 2.461207831983003302e-08 -1.634771609133758119e+01 7.878031288944696564e-02 1.460836589391542595e-03 -6.924519506168916316e-02 -1.549179473715091640e-02 -3.581078976822921894e-02 -3.581078976822923282e-02 0.000000000000000000e+00 -1.066630153386446400e-01 0.000000000000000000e+00 0.000000000000000000e+00 0.000000000000000000e+00 -9.763689748420234515e-03 0.000000000000000000e+00
-1.185178801251295932e-01 2.461207826431888179e-08 7.878031288944696564e-02 -1.634771609133757408e+01 -6.924519506168914929e-02 1.460836589391542595e-03 -1.549179473715092160e-02 -3.581078976822922588e-02 -3.581078976822923282e-02 -1.066630153386446400e-01 0.000000000000000000e+00 0.000000000000000000e+00 0.000000000000000000e+00 0.000000000000000000e+00 0.000000000000000000e+00 -9.763689748420234515e-03
-1.053250560390389251e-01 -5.577219608365879822e-08 1.460836589391542595e-03 -6.924519506168914929e-02 -1.627020241281498869e+01 6.634098931114498776e-02 -1.110164904802589218e-02 0.000000000000000000e+00 0.000000000000000000e+00 -1.379122237038548637e-01 0.000000000000000000e+00 0.000000000000000000e+00 0.000000000000000000e+00 0.000000000000000000e+00 3.902548841574260408e-03 0.000000000000000000e+00
-1.053250560390389529e-01 -5.577219608365879822e-08 -6.924519506168916316e-02 1.460836589391542595e-03 6.634098931114498776e-02 -1.627020241281498869e+01 -1.110164904802589912e-02 0.000000000000000000e+00 0.000000000000000000e+00 0.000000000000000000e+00 -1.379122237038548637e-01 0.000000000000000000e+00 0.000000000000000000e+00 0.000000000000000000e+00 0.000000000000000000e+00 3.902548841574260408e-03
0.000000000000000000e+00 6.140430626760336880e-02 -1.549179473715091640e-02 -1.549179473715092160e-02 -1.110164904802589218e-02 -1.110164904802589912e-02 -1.603278960443522294e+01 2.130593314511619249e-02 2.130593314511619249e-02 7.070603165108069188e-02 7.070603165108069188e-02 0.000000000000000000e+00 0.000000000000000000e+00 2.289967259884069517e-01 -3.510317095745225241e-02 -3.510317095745225241e-02
0.000000000000000000e+00 6.833856839522806093e-02 -3.581078976822921894e-02 -3.581078976822922588e-02 0.000000000000000000e+00 0.000000000000000000e+00 2.130593314511619249e-02 -1.604207749655529369e+01 2.424937922117116618e-02 0.000000000000000000e+00 0.000000000000000000e+00 2.289967259884069517e-01 0.000000000000000000e+00 0.000000000000000000e+00 0.000000000000000000e+00 0.000000000000000000e+00
0.000000000000000000e+00 6.833856839522808868e-02 -3.581078976822923282e-02 -3.581078976822923282e-02 0.000000000000000000e+00 0.000000000000000000e+00 2.130593314511619249e-02 2.424937922117116618e-02 -1.604207749655529369e+01 0.000000000000000000e+00 0.000000000000000000e+00 0.000000000000000000e+00 2.289967259884069517e-01 0.000000000000000000e+00 0.000000000000000000e+00 0.000000000000000000e+00
7.070603165108069188e-02 -6.924519506168913541e-02 0.000000000000000000e+00 -1.066630153386446400e-01 -1.379122237038548637e-01 0.000000000000000000e+00 7.070603165108069188e-02 0.000000000000000000e+00 0.000000000000000000e+00 -1.637134057756083294e+01 0.000000000000000000e+00 0.000000000000000000e+00 0.000000000000000000e+00 -6.924519506168916316e-02 -7.878031288944695176e-02 -6.634098931114498776e-02
7.070603165108070576e-02 -6.924519506168916316e-02 -1.066630153386446400e-01 0.000000000000000000e+00 0.000000000000000000e+00 -1.379122237038548637e-01 7.070603165108069188e-02 0.000000000000000000e+00 0.000000000000000000e+00 0.000000000000000000e+00 -1.637134057756083649e+01 0.000000000000000000e+00 0.000000000000000000e+00 -6.924519506168913541e-02 -6.634098931114497388e-02 -7.878031288944696564e-02
6.833856839522806093e-02 0.000000000000000000e+00 0.000000000000000000e+00 0.000000000000000000e+00 0.000000000000000000e+00 0.000000000000000000e+00 0.000000000000000000e+00 2.289967259884069517e-01 0.000000000000000000e+00 0.000000000000000000e+00 0.000000000000000000e+00 -1.596141903803682283e+01 2.424937922117116618e-02 2.130593314511618555e-02 0.000000000000000000e+00 0.000000000000000000e+00
6.833856839522808868e-02 0.000000000000000000e+00 0.000000000000000000e+00 0.000000000000000000e+00 0.000000000000000000e+00 0.000000000000000000e+00 0.000000000000000000e+00 0.000000000000000000e+00 2.289967259884069517e-01 0.000000000000000000e+00 0.000000000000000000e+00 2.424937922117116618e-02 -1.596141903803682460e+01 2.130593314511619249e-02 0.000000000000000000e+00 0.000000000000000000e+00
6.140430626760336880e-02 0.000000000000000000e+00 0.000000000000000000e+00 0.000000000000000000e+00 0.000000000000000000e+00 0.000000000000000000e+00 2.289967259884069517e-01 0.000000000000000000e+00 0.000000000000000000e+00 -6.924519506168916316e-02 -6.924519506168913541e-02 2.130593314511618555e-02 2.130593314511619249e-02 -1.596940427665173345e+01 3.414202410423688994e-02 3.414202410423688994e-02
-3.510317095745224547e-02 3.414202410423688300e-02 -9.763689748420234515e-03 0.000000000000000000e+00 3.902548841574260408e-03 0.000000000000000000e+00 -3.510317095745225241e-02 0.000000000000000000e+00 0.000000000000000000e+00 -7.878031288944695176e-02 -6.634098931114497388e-02 0.000000000000000000e+00 0.000000000000000000e+00 3.414202410423688994e-02 -1.622471086832723586e+01 0.000000000000000000e+00
-3.510317095745225935e-02 3.414202410423688300e-02 0.000000000000000000e+00 -9.763689748420234515e-03 0.000000000000000000e+00 3.902548841574260408e-03 -3.510317095745225241e-02 0.000000000000000000e+00 0.000000000000000000e+00 -6.634098931114498776e-02 -7.878031288944696564e-02 0.000000000000000000e+00 0.000000000000000000e+00 3.414202410423688994e-02 0.000000000000000000e+00 -1.622471086832723230e+01
