counts:[1, 2, 3, 4, 5, 6, 7, 8, 9, 10, 11, 12, 13, 14, 15, 16, 17, 18, 19, 20, 21, 22, 23, 24, 25, 26, 27, 28, 29, 30, 31, 32, 33, 34, 35, 36, 37, 38, 39, 40, 41, 42, 43, 44, 45, 46, 47, 48, 49, 50, 51, 52, 53, 54, 55, 56, 57, 58, 59, 60, 61, 62, 63, 64, 65, 66, 67, 68, 69, 70, 71, 72, 73, 74, 75, 76, 77, 78, 79, 80, 81, 82, 83, 84]
 energies:[-7.864374036131421, -7.665750176917394, -7.823309805774818, -7.510070790840487, -7.68865812997668, -7.696217076186333, -7.6642961971623915, -7.509460124385781, -7.666438676265697, -7.824223487515477, -7.625790692194363, -7.840867254641731, -7.8525534181845185, -7.8610274609340465, -7.8459542537053295, -7.861440295676585, -7.857881723559887, -7.86241352005227, -7.838895016849884, -7.861907300239611, -7.852729563843601, -7.880235455726195, -7.881680487110128, -7.872043401690224, -7.878520956276462, -7.880434446798613, -7.875454382341005, -7.878467739419927, -7.8754774008432555, -7.879500493742455, -7.8760633307463905, -7.878236216140573, -7.877054928967475, -7.8820522895833545, -7.88014925439119, -7.877942307005762, -7.87847205838797, -7.881985971559619, -7.877663681371988, -7.879587080549898, -7.878294334679953, -7.87739236800261, -7.879831090511193, -7.881829486030769, -7.881316780199953, -7.881629247284298, -7.880234052677361, -7.880147735953466, -7.878410629313745, -7.879526022545118, -7.880995384408395, -7.878907370193684, -7.878685529571774, -7.87950007057165, -7.8790589713078685, -7.880020017707768, -7.879921876752311, -7.879378653057328, -7.878457039160622, -7.880035143270868, -7.879995963295912, -7.8784032572542095, -7.878465835360176, -7.879430581829315, -7.880746832787187, -7.877313448576585, -7.879000954850316, -7.878552627104394, -7.879908503751373, -7.8784969977605215, -7.877551353444719, -7.881749882511697, -7.879446134300972, -7.879634846200792, -7.8820805421455145, -7.876586858871519, -7.87943785287564, -7.880294984156066, -7.881539341176891, -7.881176514580506, -7.880600414015857, -7.879348932642136, -7.879437448799685, -7.8779847493038595]
 std_values:[0.001050832308337375, 0.0019002277424302225, 0.0015278093255515005, 0.002761845414123867, 0.001915930331903994, 0.002306386501647793, 0.0017393058392906537, 0.0027420583473721388, 0.001892734526632861, 0.0016813222275699508, 0.003016741037109647, 0.0020150962732712317, 0.0011787443620687533, 0.0010757698877251508, 0.0011565977554353934, 0.0010887651934672058, 0.0011805034036806359, 0.0010948457766584904, 0.0012056843684001494, 0.0010761102542817186, 0.0011225944023918904, 0.001146013653219923, 0.00129193479502113, 0.0012869499773351346, 0.0014504798700492934, 0.0012822809006601944, 0.0014115576027807209, 0.0012924786649812729, 0.001353223555261603, 0.0012759925689234644, 0.0013786318585936842, 0.001191182394504061, 0.0013178611551024678, 0.0013142752789418275, 0.0013250906158724434, 0.001365143249837332, 0.0013605842102204337, 0.00127653710023682, 0.0013552113444878946, 0.0012892483831838388, 0.001349010907220145, 0.0013279083910943293, 0.0013324033302502332, 0.001279943287817176, 0.0013056010624788938, 0.0013147122071863132, 0.0013177109105761311, 0.0012971344964083802, 0.0013426889619302877, 0.0013109434783969318, 0.0013261489025861086, 0.001337006302158206, 0.0013296059497339226, 0.0013206483322751928, 0.0013313284076779208, 0.0013215692354941928, 0.0013188176707055028, 0.0013238096670545026, 0.0013203781908600902, 0.0013387805285856352, 0.0013287831481255097, 0.001333001849974574, 0.001320062371726734, 0.0013334981844674001, 0.001309392031578734, 0.0013455224120092976, 0.0013325293336442123, 0.001328052654171483, 0.0013320724576034635, 0.001337096075445432, 0.001350475056100343, 0.0013248970626304848, 0.0013176497337783755, 0.0013322444930872507, 0.0013186320799605526, 0.0013378759971862098, 0.0013277754654986973, 0.0013268016104420696, 0.0013164876799334677, 0.0013121921510193593, 0.0013399907687850071, 0.0013286456235241072, 0.0013324894880607872, 0.0013343222739768928]
 ci_ground energy:-7.881566899421189