-1.648123733532095514e+01 1.914354719807513372e-01 -1.186938939245405361e-01 -1.186938939245405500e-01 9.031604213695459960e-02 9.031604213695458572e-02 -1.071271198500237803e-01 -1.071271198500237665e-01 0.000000000000000000e+00 0.000000000000000000e+00 0.000000000000000000e+00 -5.045407394037604992e-02 -5.045407394037604298e-02 9.741589318207835579e-02 5.783919536318560956e-02 6.219846412662494856e-02
1.914354719807513372e-01 -1.659740652222274804e+01 7.585251693420502761e-08 7.585251693420502761e-08 -8.400121050785715193e-02 -8.400121050785715193e-02 -2.659530587978409244e-07 -2.659530587423297732e-07 5.783919536318560956e-02 6.219846412662494856e-02 6.219846412662480978e-02 3.354713656748110201e-02 3.354713656748110201e-02 9.277795206694876284e-02 0.000000000000000000e+00 0.000000000000000000e+00
-1.186938939245405361e-01 7.585251693420502761e-08 -1.646971888601534673e+01 9.277795206694876284e-02 0.000000000000000000e+00 -9.230896390259607509e-02 6.314831629097433785e-03 -8.400121050785715193e-02 -5.247796649181724754e-03 -3.952510224897889252e-02 -3.952510224897880231e-02 -1.596233146861170127e-02 0.000000000000000000e+00 9.908904856628886204e-02 0.000000000000000000e+00 0.000000000000000000e+00
-1.186938939245405500e-01 7.585251693420502761e-08 9.277795206694876284e-02 -1.646971888601534673e+01 -9.230896390259610285e-02 0.000000000000000000e+00 -8.400121050785715193e-02 6.314831629097433785e-03 -5.247796649181719550e-03 -3.952510224897889946e-02 -3.952510224897882313e-02 0.000000000000000000e+00 -1.596233146861175678e-02 9.908904856628886204e-02 0.000000000000000000e+00 0.000000000000000000e+00
9.031604213695459960e-02 -8.400121050785715193e-02 0.000000000000000000e+00 -9.230896390259610285e-02 -1.639308941680519283e+01 0.000000000000000000e+00 -1.220573133779880859e-01 0.000000000000000000e+00 9.031604213695458572e-02 0.000000000000000000e+00 0.000000000000000000e+00 -9.277795206694873509e-02 -8.308260002221129481e-02 6.314831629097433785e-03 -8.400121050785715193e-02 0.000000000000000000e+00
9.031604213695458572e-02 -8.400121050785715193e-02 -9.230896390259607509e-02 0.000000000000000000e+00 0.000000000000000000e+00 -1.639308941680519283e+01 0.000000000000000000e+00 -1.220573133779881414e-01 9.031604213695459960e-02 0.000000000000000000e+00 0.000000000000000000e+00 -8.308260002221132257e-02 -9.277795206694876284e-02 6.314831629097433785e-03 -8.400121050785715193e-02 0.000000000000000000e+00
-1.071271198500237803e-01 -2.659530587978409244e-07 6.314831629097433785e-03 -8.400121050785715193e-02 -1.220573133779880859e-01 0.000000000000000000e+00 -1.639026082920203109e+01 8.308260002221129481e-02 -1.144175521184042851e-03 0.000000000000000000e+00 0.000000000000000000e+00 -1.884377195734143751e-03 0.000000000000000000e+00 0.000000000000000000e+00 0.000000000000000000e+00 0.000000000000000000e+00
-1.071271198500237665e-01 -2.659530587423297732e-07 -8.400121050785715193e-02 6.314831629097433785e-03 0.000000000000000000e+00 -1.220573133779881414e-01 8.308260002221129481e-02 -1.639026082920203464e+01 -1.144175521184046538e-03 0.000000000000000000e+00 0.000000000000000000e+00 0.000000000000000000e+00 -1.884377195734199262e-03 0.000000000000000000e+00 0.000000000000000000e+00 0.000000000000000000e+00
0.000000000000000000e+00 5.783919536318560956e-02 -5.247796649181724754e-03 -5.247796649181719550e-03 9.031604213695458572e-02 9.031604213695459960e-02 -1.144175521184042851e-03 -1.144175521184046538e-03 -1.612248165135311950e+01 2.012976704142347903e-02 2.012976704142343740e-02 -5.045407394037604992e-02 -5.045407394037604298e-02 8.620057777309904357e-02 1.914354719807513650e-01 0.000000000000000000e+00
0.000000000000000000e+00 6.219846412662494856e-02 -3.952510224897889252e-02 -3.952510224897889946e-02 0.000000000000000000e+00 0.000000000000000000e+00 0.000000000000000000e+00 0.000000000000000000e+00 2.012976704142347903e-02 -1.614092368477590611e+01 2.424937922117120434e-02 0.000000000000000000e+00 0.000000000000000000e+00 2.520956178996808239e-02 0.000000000000000000e+00 1.914354719807513650e-01
0.000000000000000000e+00 6.219846412662480978e-02 -3.952510224897880231e-02 -3.952510224897882313e-02 0.000000000000000000e+00 0.000000000000000000e+00 0.000000000000000000e+00 0.000000000000000000e+00 2.012976704142343740e-02 2.424937922117120434e-02 -1.614092368477590611e+01 0.000000000000000000e+00 0.000000000000000000e+00 2.520956178996803382e-02 0.000000000000000000e+00 0.000000000000000000e+00
-5.045407394037604992e-02 3.354713656748110201e-02 -1.596233146861170127e-02 0.000000000000000000e+00 -9.277795206694873509e-02 -8.308260002221132257e-02 -1.884377195734143751e-03 0.000000000000000000e+00 -5.045407394037604992e-02 0.000000000000000000e+00 0.000000000000000000e+00 -1.632743122041643247e+01 0.000000000000000000e+00 8.400121050785713805e-02 3.354713656748110201e-02 0.000000000000000000e+00
-5.045407394037604298e-02 3.354713656748110201e-02 0.000000000000000000e+00 -1.596233146861175678e-02 -8.308260002221129481e-02 -9.277795206694876284e-02 0.000000000000000000e+00 -1.884377195734199262e-03 -5.045407394037604298e-02 0.000000000000000000e+00 0.000000000000000000e+00 0.000000000000000000e+00 -1.632743122041643247e+01 8.400121050785716581e-02 3.354713656748110201e-02 0.000000000000000000e+00
9.741589318207835579e-02 9.277795206694876284e-02 9.908904856628886204e-02 9.908904856628886204e-02 6.314831629097433785e-03 6.314831629097433785e-03 0.000000000000000000e+00 0.000000000000000000e+00 8.620057777309904357e-02 2.520956178996808239e-02 2.520956178996803382e-02 8.400121050785713805e-02 8.400121050785716581e-02 -1.623374537782109783e+01 8.308260002221129481e-02 4.520251285417949128e-03
5.783919536318560956e-02 0.000000000000000000e+00 0.000000000000000000e+00 0.000000000000000000e+00 -8.400121050785715193e-02 -8.400121050785715193e-02 0.000000000000000000e+00 0.000000000000000000e+00 1.914354719807513650e-01 0.000000000000000000e+00 0.000000000000000000e+00 3.354713656748110201e-02 3.354713656748110201e-02 8.308260002221129481e-02 -1.603474183132448161e+01 2.012976704142347903e-02
6.219846412662494856e-02 0.000000000000000000e+00 0.000000000000000000e+00 0.000000000000000000e+00 0.000000000000000000e+00 0.000000000000000000e+00 0.000000000000000000e+00 0.000000000000000000e+00 0.000000000000000000e+00 1.914354719807513650e-01 0.000000000000000000e+00 0.000000000000000000e+00 0.000000000000000000e+00 4.520251285417949128e-03 2.012976704142347903e-02 -1.602223675161486938e+01
