counts:[1, 2, 3, 4, 5, 6, 7, 8, 9, 10, 11, 12, 13, 14, 15, 16, 17, 18, 19, 20, 21, 22, 23]
 energies:[-55.45416453231136, -54.93536992806815, -55.16104853664741, -55.41034853801049, -55.393535048216, -55.46399294773553, -55.45988764062809, -55.46368310653846, -55.46283984878165, -55.46424256376759, -55.46427412517615, -55.46408762425593, -55.464208130909064, -55.46428667877617, -55.46428560302916, -55.46428784457489, -55.46428560302916, -55.46428714971986, -55.46428787256381, -55.4642878066986, -55.46428788417261, -55.464287886849256, -55.46428788059378]
 std_values:[0.0, 0.0, 0.0, 0.0, 0.0, 0.0, 0.0, 0.0, 0.0, 0.0, 0.0, 0.0, 0.0, 0.0, 0.0, 0.0, 0.0, 0.0, 0.0, 0.0, 0.0, 0.0, 0.0]
 ci_ground energy:-55.464287887028554