counts:[1, 2, 3, 4, 5, 6, 7, 8, 9, 10, 11, 12, 13, 14, 15, 16, 17, 18, 19, 20, 21, 22, 23, 24, 25, 26, 27, 28, 29, 30, 31, 32, 33, 34, 35, 36, 37, 38, 39, 40, 41, 42, 43, 44, 45, 46, 47, 48, 49, 50, 51, 52, 53, 54, 55, 56, 57, 58, 59, 60, 61]
 energies:[-7.863357621538325, -7.664201902618526, -7.664201902618526, -7.50640923930988, -7.664201902618526, -7.713240798970668, -7.853688291117438, -7.854647651301391, -7.863976649194065, -7.857665662514664, -7.828952933780796, -7.8767159921131, -7.878108101289296, -7.877317390971552, -7.877913551347298, -7.8769214634364015, -7.876300745506139, -7.878710078062818, -7.879530321445275, -7.8795010098294735, -7.880028815491286, -7.880117323910035, -7.880068308365804, -7.880112430960361, -7.879925065287326, -7.880170909612438, -7.880115113391083, -7.880187368237003, -7.880178938607996, -7.880144350296131, -7.880188546552526, -7.880195134584566, -7.880184912025131, -7.880193366290996, -7.88018850005013, -7.880192913808452, -7.880196361184115, -7.880193377719438, -7.880196873141664, -7.880197402219821, -7.880196455308829, -7.880197522877996, -7.880197160177422, -7.8801970460769315, -7.880197583245106, -7.8801975372194235, -7.880197636320659, -7.880197641938539, -7.880197514114515, -7.880197659611696, -7.880197651589992, -7.880197645282724, -7.8801976595304755, -7.88019765713714, -7.8801976130563816, -7.880197667776626, -7.880197667900273, -7.88019766590927, -7.880197674002705, -7.880197673356696, -7.880197673948759]
 std_values:[0.0, 0.0, 0.0, 0.0, 0.0, 0.0, 0.0, 0.0, 0.0, 0.0, 0.0, 0.0, 0.0, 0.0, 0.0, 0.0, 0.0, 0.0, 0.0, 0.0, 0.0, 0.0, 0.0, 0.0, 0.0, 0.0, 0.0, 0.0, 0.0, 0.0, 0.0, 0.0, 0.0, 0.0, 0.0, 0.0, 0.0, 0.0, 0.0, 0.0, 0.0, 0.0, 0.0, 0.0, 0.0, 0.0, 0.0, 0.0, 0.0, 0.0, 0.0, 0.0, 0.0, 0.0, 0.0, 0.0, 0.0, 0.0, 0.0, 0.0, 0.0]
 ci_ground energy:-7.880197675259218