counts:[1, 2, 3, 4, 5, 6, 7, 8, 9, 10, 11, 12, 13, 14, 15, 16, 17, 18, 19]
 energies:[-55.45959496324716, -54.97015564122443, -55.13121540694272, -55.396088747393044, -55.40974039192988, -55.4631242538639, -55.455902379601675, -55.46500523545773, -55.45237594121148, -55.456121789796775, -55.46088618813051, -55.46163478598192, -55.46347714980593, -55.46339910524225, -55.465057970285265, -55.4642396276575, -55.46498996165811, -55.456237468261214, -55.46446319886849]
 std_values:[0.0010499062181227566, 0.005124959402950809, 0.005417459726926801, 0.0033292658778174824, 0.0015303362855808816, 0.001452642562848302, 0.002025531070607429, 0.0015904523367633668, 0.0020547394283573182, 0.0019255607120427791, 0.0016753029320707553, 0.0016844644315421587, 0.0016406582337044145, 0.0016264147602942257, 0.001563643482412173, 0.001608756705650335, 0.0016007569603603265, 0.0018044682287453452, 0.0016654145719672616]
 ci_ground energy:-55.464287887028554