counts:[1, 2, 3, 4, 5, 6, 7, 8, 9, 10, 11, 12, 13, 14, 15, 16, 17, 18, 19, 20, 21, 22]
 energies:[-77.07371575109039, -76.78132510099084, -77.06796051852552, -77.11433282760316, -77.06776699165349, -77.101371794145, -77.1129638541781, -77.1132801382519, -77.11469556656323, -77.11446468051679, -77.11443012198353, -77.11487687587018, -77.1147872507018, -77.11594200748195, -77.11518705449734, -77.11571863180302, -77.11667689886445, -77.11654966626804, -77.11489710792782, -77.11496097158928, -77.11541082010052, -77.11677241367613]
 std_values:[0.0005366640918632675, 0.0009175214971712564, 0.0009169314391372967, 0.0006864575863898796, 0.0009172980763597099, 0.0008102946650427431, 0.000627676964361922, 0.000717244170707649, 0.0006727449016491576, 0.0006577384053113262, 0.0006632256046995216, 0.0006749102804367531, 0.0006778071848368939, 0.0006727757385351556, 0.0006798693056293809, 0.0006737007287265461, 0.0006714643914781151, 0.0006707747673959507, 0.0006731209910562719, 0.0006758620757484815, 0.000674315241893024, 0.0006714806898699654]
 ci_ground energy:-77.11518489685602