counts:[1, 2, 3, 4, 5, 6, 7, 8, 9, 10, 11, 12, 13, 14, 15, 16, 17, 18, 19, 20]
 energies:[-227.8830443705515, -227.6707427486465, -227.83246270114262, -227.8948631650935, -227.83300455806, -227.8718153710608, -227.89967240167016, -227.89893538448973, -227.89771213390208, -227.89898252073118, -227.89872079512742, -227.89964898904623, -227.89946544843838, -227.89924352531955, -227.89925457310636, -227.89952042914717, -227.89976428606013, -227.8993890654188, -227.89810558200827, -227.8988652193151]
 std_values:[0.0003088662559857333, 0.0007801721184764124, 0.0007834532144836812, 0.0005128169914644618, 0.000782287446304516, 0.0006605918195378323, 0.000435378845913035, 0.0003733728800764976, 0.00047417012811879595, 0.0004227852194249791, 0.000448535116718181, 0.0004330663055816314, 0.00043885105971925523, 0.00043831763358541446, 0.00044109043848856224, 0.00043790646450410164, 0.000437178494803342, 0.00043813759147754393, 0.00044474064664991276, 0.00043955321454529437]
 ci_ground energy:-227.89975604730165