counts:[1, 2, 3, 4, 5, 6, 7, 8, 9, 10, 11, 12, 13, 14, 15, 16, 17, 18, 19, 20, 21, 22, 23, 24, 25, 26, 27, 28, 29, 30, 31, 32, 33, 34, 35, 36, 37, 38, 39, 40, 41, 42, 43, 44, 45, 46, 47, 48, 49, 50, 51, 52, 53, 54, 55, 56, 57, 58, 59, 60, 61, 62, 63, 64, 65, 66, 67, 68, 69, 70, 71, 72, 73, 74, 75, 76, 77, 78, 79, 80, 81, 82, 83, 84, 85, 86, 87, 88, 89, 90, 91, 92, 93, 94, 95, 96, 97, 98, 99, 100]
 energies:[-7.619227978018794, -7.513898468420638, -7.612966664295715, -7.458530650853338, -7.594649157380582, -7.594649157380583, -7.513898468420638, -7.458530650853338, -7.513898468420638, -7.612966664295715, -7.755516535052265, -7.643070716109478, -7.721841931412899, -7.674264609812185, -7.680659479260727, -7.755516535052265, -7.766358833051981, -7.767315781365945, -7.740240177443318, -7.774705490730848, -7.745819958824375, -7.772165769641783, -7.76653740904674, -7.769183493057098, -7.774705490730848, -7.761614324928318, -7.774689948630278, -7.76816571011237, -7.774620091126619, -7.775099362944867, -7.777594847262393, -7.778268022707436, -7.775695492665888, -7.778120666513337, -7.778698694725214, -7.777383805262754, -7.780262286602722, -7.779269767030267, -7.780813433898126, -7.781660675777634, -7.781393347723397, -7.782887932645251, -7.782135447440248, -7.782701186358131, -7.782040643769338, -7.782572317988357, -7.78210870428184, -7.781403870235857, -7.782565471639956, -7.782732299033969, -7.7826892450496326, -7.782914947832466, -7.782896614230757, -7.782849248316803, -7.782917271838419, -7.782927685576246, -7.7828853405951035, -7.782897452782579, -7.782886349186975, -7.782808942467857, -7.7829310005622, -7.782926537822585, -7.782897981824436, -7.782939968350436, -7.782956143606596, -7.782962672744326, -7.782936560530236, -7.782984662422222, -7.782993174493016, -7.783002257306397, -7.783004210127783, -7.783009087870567, -7.783005004177283, -7.782991099544662, -7.783001472044508, -7.782997250300347, -7.782992112293246, -7.783005537170207, -7.783013856834336, -7.783013143347691, -7.783011122417583, -7.78301038948164, -7.783016605789871, -7.783017853411796, -7.783017359231613, -7.783015193126135, -7.7830095302382825, -7.78301983912785, -7.783022150054445, -7.783020705260561, -7.783021309197006, -7.783021911149379, -7.783022144792308, -7.783022619301387, -7.783022810727064, -7.783023464767875, -7.783022236784812, -7.783021678427649, -7.783022898020266, -7.783023877213384]
 std_values:[0.0, 0.0, 0.0, 0.0, 0.0, 0.0, 0.0, 0.0, 0.0, 0.0, 0.0, 0.0, 0.0, 0.0, 0.0, 0.0, 0.0, 0.0, 0.0, 0.0, 0.0, 0.0, 0.0, 0.0, 0.0, 0.0, 0.0, 0.0, 0.0, 0.0, 0.0, 0.0, 0.0, 0.0, 0.0, 0.0, 0.0, 0.0, 0.0, 0.0, 0.0, 0.0, 0.0, 0.0, 0.0, 0.0, 0.0, 0.0, 0.0, 0.0, 0.0, 0.0, 0.0, 0.0, 0.0, 0.0, 0.0, 0.0, 0.0, 0.0, 0.0, 0.0, 0.0, 0.0, 0.0, 0.0, 0.0, 0.0, 0.0, 0.0, 0.0, 0.0, 0.0, 0.0, 0.0, 0.0, 0.0, 0.0, 0.0, 0.0, 0.0, 0.0, 0.0, 0.0, 0.0, 0.0, 0.0, 0.0, 0.0, 0.0, 0.0, 0.0, 0.0, 0.0, 0.0, 0.0, 0.0, 0.0, 0.0, 0.0]
 ci_ground energy:-7.783125150455791