-8.114782067654324749e+00 1.077886390436294806e-01 8.264189058709865698e-02 8.264189058709861535e-02 -9.951610883685013675e-07 -9.951610883685013675e-07 9.240466918839239374e-02 -6.043606207289942134e-07
1.077886390436294806e-01 -7.885274839928026580e+00 -1.022811796278097762e-01 -1.022811796278097762e-01 1.004875816104496555e-01 1.004875816104496555e-01 7.300730934193586097e-02 -7.416631792517008881e-02
8.264189058709865698e-02 -1.022811796278097762e-01 -7.845217512699671047e+00 7.300730934193586097e-02 -7.416631792517007493e-02 4.369333069855721452e-02 -7.446252374625964010e-02 9.242955803226191036e-02
8.264189058709861535e-02 -1.022811796278097762e-01 7.300730934193586097e-02 -7.845217512699671047e+00 4.369333069855721452e-02 -7.416631792517008881e-02 -7.446252374625964010e-02 -3.935496568228900871e-02
-9.951610883685013675e-07 1.004875816104496555e-01 -7.416631792517007493e-02 4.369333069855721452e-02 -8.069060033295832213e+00 1.077886390436294528e-01 -3.935496568228899483e-02 -5.133339996732731725e-03
-9.951610883685013675e-07 1.004875816104496555e-01 4.369333069855721452e-02 -7.416631792517008881e-02 1.077886390436294528e-01 -8.069060033295832213e+00 -3.935496568228898789e-02 8.264189058709864311e-02
9.240466918839239374e-02 7.300730934193586097e-02 -7.446252374625964010e-02 -7.446252374625964010e-02 -3.935496568228899483e-02 -3.935496568228898789e-02 -7.747628634395923086e+00 7.689296546344312477e-02
-6.043606207289942134e-07 -7.416631792517008881e-02 9.242955803226191036e-02 -3.935496568228900871e-02 -5.133339996732731725e-03 8.264189058709864311e-02 7.689296546344312477e-02 -7.978718678838813361e+00
