counts:[1, 2, 3, 4, 5, 6, 7, 8, 9, 10, 11, 12, 13, 14, 15, 16, 17, 18, 19]
 energies:[-0.9025740104444835, -0.14006300352847356, -0.40418851657216437, -0.8181007212146776, -0.820956519523317, -0.9145475222621, -0.9017860308459276, -0.9115264311955897, -0.9137493310099654, -0.9100298364922295, -0.913657068727924, -0.9108556200444742, -0.912179023698874, -0.9144109449767037, -0.9136353614885544, -0.9105259413385887, -0.9127836534334302, -0.9201092566770495, -0.9111023982332229]
 std_values:[0.0013163648727755582, 0.008185424206147011, 0.008241300525988116, 0.004710466898745744, 0.0026793019442404625, 0.0016865879167168, 0.002653795729058792, 0.0021747255717081554, 0.0014356809900735866, 0.001817345147364974, 0.001738433309771185, 0.0018644756567202441, 0.001682188152553966, 0.0016692067582223277, 0.0017271875935069877, 0.0017790978934215074, 0.001699196986237485, 0.0013970390672094716, 0.0017897106742072952]
 ci_ground energy:-0.9141497050119489