counts:[1, 2, 3, 4, 5, 6, 7, 8, 9, 10, 11, 12, 13, 14, 15, 16, 17, 18, 19, 20]
 energies:[-55.45459329409589, -54.933101063285285, -55.166657420209894, -55.41003443859038, -55.39233142788873, -55.46423978207449, -55.457921191571565, -55.46370806103875, -55.4624232746364, -55.46395930331216, -55.46504357664988, -55.464079739536935, -55.46564623133201, -55.46302826114316, -55.46406130293551, -55.46341797240974, -55.463006997919926, -55.464452709473996, -55.46351884591764, -55.4647328072523]
 std_values:[0.00042405192050814296, 0.0023658304975192218, 0.002349967134116962, 0.0013925582791280231, 0.0008161072737339388, 0.0005378452970001593, 0.000816262781551808, 0.0006613401022793672, 0.0004968167890496346, 0.0005778621149287992, 0.0005237578531217046, 0.0005082620616917792, 0.0005018947962488005, 0.0005097848260792827, 0.0005231590884759258, 0.0005331257708548875, 0.0005282262348690006, 0.0005179292987714125, 0.0005328031918756755, 0.0005175426596624394]
 ci_ground energy:-55.464287887028554